1,0.06535985929873968,0.0746969820557025,0.10270835032659092,0.14005684135444216,0.3074749433378358,0.30970302362668883
1,0.09679667939425837,0.09679667939425837,0.08711701145483254,0.11615601527311005,0.32196534876290667,0.28116826572063397
1,0.15446505675249367,0.048270330235154264,0.09654066047030853,0.09654066047030853,0.2530122992398953,0.3511709928318396
1,0.08637163148200533,0.129557447223008,0.032389361805752,0.194336170834512,0.23609341173233472,0.321251976922388
1,0.15038223193257705,0.10615216371711321,0.061922095501649385,0.04423006821546384,0.32184485310885863,0.31546858752433793
1,0.06872449333887323,0.16035715112403756,0.01145408222314554,0.22908164446291077,0.2530580439295781,0.27732458492145484
1,0.06528149486909265,0.12123706189974348,0.027977783515325417,0.1678667010919525,0.2642844847395197,0.3533524738843661
1,0.16568836141190152,0.05522945380396717,0.1012539986406065,0.05522945380396717,0.2883838078336333,0.33421492450592444
1,0.1169431743651858,0.08096065917589786,0.07196503037857588,0.09895191677054184,0.31024364131765747,0.32093557799214134
1,0.14668681778238826,0.04314318170070243,0.07765772706126438,0.08628636340140486,0.3146883030156759,0.3315376070385641
1,0.10928913754063203,0.03362742693557909,0.0924754240728425,0.10928913754063203,0.29479218076259167,0.3605266931477227
1,0.15129788241394526,0.05043262747131508,0.09245981703074432,0.05043262747131508,0.3619487371364286,0.2934283084762517
1,0.08322690556185662,0.04623716975658701,0.13871150926976103,0.11096920741580882,0.266653677560696,0.3542015304352905
1,0.08039318748244072,0.12058978122366107,0.060294890611830534,0.15073722652957633,0.2661988932274388,0.32178602092505265
1,0.08772872646846597,0.10527447176215916,0.08772872646846597,0.07895585382161938,0.2922772183182151,0.34803500316107444
1,0.12964239107801823,0.060499782503075174,0.10371391286241456,0.060499782503075174,0.3188062072571706,0.3268379237962463
1,0.08774039976978114,0.1316105996546717,0.04387019988489057,0.18644834951078493,0.235523451502623,0.3148069996772486
1,0.08616797672863434,0.16156495636618937,0.032312991273237876,0.16156495636618937,0.2554922458694129,0.3028968733963361
1,0.10227128774696292,0.09297389795178447,0.046486948975892235,0.1394608469276767,0.25598743117268036,0.36281958722500335
1,0.061877196369911056,0.17531872304808133,0.07219006243156291,0.11344152667817028,0.3044025308963368,0.2727699605759377
1,0.034696934153613045,0.06939386830722609,0.14746197015285542,0.10409080246083913,0.3257412652695796,0.3186151596558868
1,0.09819267340669974,0.06873487138468982,0.10801194074736972,0.12765047542870966,0.299686845792141,0.29772319324038987
1,0.07764814186176815,0.03451028527189696,0.14666871240556206,0.09490328449771664,0.33213866140038706,0.3141309145626693
1,0.13587750219598294,0.06340950102479205,0.0996435016103875,0.0724680011711909,0.2749320812496065,0.35366941274804
1,0.12138789326055074,0.010115657771712564,0.14161920880397588,0.14161920880397588,0.23756913061942542,0.3476889007403595
1,0.1019547450442997,0.15756642415937225,0.05561167911507255,0.06488029230091799,0.3108565656639172,0.30913029371642026
1,0.07664475222487284,0.12454772236541836,0.028741782084327313,0.16287009847785477,0.2551439222913165,0.35205172255621003
1,0.09239166645233864,0.08315249980710478,0.08315249980710478,0.12010916638804024,0.29488851180190545,0.3263056557435062
1,0.05797247538748567,0.12560703000621898,0.019324158462495227,0.19324158462495225,0.2664306939803637,0.3374240575384841
1,0.1053514644269394,0.07661924685595593,0.08619665271295042,0.12450627614092839,0.2662303470741019,0.341096012789124
1,0.14097117190187358,0.04699039063395786,0.09398078126791572,0.1033788593947073,0.3177862833021564,0.29689251349938905
1,0.05125938527440866,0.12814846318602166,0.09397553966974923,0.076889077911613,0.32091308247588957,0.3288144514823179
1,0.15429178006731364,0.025715296677885607,0.12000471783013285,0.051430593355771215,0.3824907326894518,0.26606687937944495
1,0.05616836408170281,0.14042091020425704,0.05616836408170281,0.1310595161906399,0.2871611734097906,0.32902167203190674
1,0.029351383590822254,0.0684865617119186,0.1956758906054817,0.10762173983301494,0.2776562380905247,0.32120818616823776
1,0.11088141174697654,0.10235207238182448,0.06823471492121633,0.06823471492121633,0.27524554372235355,0.3750515423064127
1,0.04775665636782851,0.12416730655635413,0.06685931891495991,0.15282130037705124,0.33053689798193786,0.2778585198018685
1,0.03870413783898043,0.18061930991524203,0.05160551711864058,0.2580275855932029,0.25809573365128863,0.21294771588264533
1,0.11879974293358421,0.07919982862238947,0.10889976435578554,0.09899978577798685,0.2826494226760284,0.31145145563422566
1,0.05470658881543799,0.072942118420584,0.136766472038595,0.10941317763087598,0.2809425526534099,0.34522909044109706
1,0.04312271026691981,0.18327151863440916,0.07546474296710966,0.14014880836748936,0.3062007873445152,0.25179143241955676
1,0.16606317449602215,0.06326216171277034,0.07116993192686663,0.023723310642288876,0.3179091006797382,0.3578723205423138
1,0.08465330596859244,0.17988827518325892,0.02116332649214811,0.14814328544503677,0.22736700696293585,0.3387847999480278
1,0.06570565114809972,0.049279238361074784,0.1149848895091745,0.10677168311566203,0.3179516254846317,0.34530691238135724
1,0.06839624834860593,0.12702160407598242,0.04885446310614709,0.1563342819396707,0.27790566361516345,0.3214877389144304
1,0.06712550158966032,0.06712550158966032,0.10068825238449047,0.10907894008319803,0.31541505088003124,0.3405667534729595
1,0.08076677467499319,0.15143770251561223,0.07067092784061904,0.11105431517811563,0.2467098830143738,0.33936039677628616
1,0.19796150928886255,0.04124198110184637,0.09073235842406202,0.008248396220369275,0.35371153106486886,0.3081042238999909
1,0.08441772062243064,0.11607436585584213,0.1055221507780383,0.12662658093364595,0.2949601070374628,0.2723990747725803
1,0.13663173077492968,0.06376147436163386,0.09108782051661979,0.08197903846495781,0.29852568768277415,0.3280142481990847
1,0.1292431441711694,0.07385322524066822,0.09231653155083526,0.08308487839575174,0.27394151529158717,0.3475607053499883
1,0.09150248900101843,0.17156716687690954,0.022875622250254607,0.18300497800203686,0.254483565473781,0.2765661783959997
1,0.1097255924676828,0.18653350719506076,0.043890236987073124,0.1097255924676828,0.26206125329444446,0.28806381758805594
1,0.14705312306603086,0.1696766804608048,0.011311778697386988,0.13574134436864385,0.25057080196136866,0.28564627144576493
1,0.15376530823057427,0.15376530823057427,0.06589941781310325,0.07688265411528714,0.2656512213206071,0.2840360902898539
1,0.08527931082680314,0.2131982770670078,0.04263965541340157,0.09593922468015352,0.2619597993703109,0.30098373264232314
1,0.1355870691200905,0.0813522414720543,0.07231310353071493,0.0813522414720543,0.28546081685762087,0.34393452754746495
1,0.15574549341434935,0.017305054823816595,0.14709296600244104,0.03461010964763319,0.32094148681848395,0.32430488929327594
1,0.08955478419244214,0.06268834893470951,0.11642121945017479,0.09851026261168637,0.30630795041845527,0.326517434392532
1,0.1128231161528392,0.21311033051091846,0.0,0.18803852692139866,0.22628034143663628,0.25974768497820744
1,0.06073886659409561,0.15184716648523902,0.030369433297047804,0.17209345534993756,0.2957403148035937,0.2892107634700863
1,0.14380686556319963,0.1129911086567997,0.1129911086567997,0.051359594843999865,0.23815108526414935,0.34070023701505175
1,0.12787919452674956,0.11804233340930727,0.059021166704653634,0.09836861117442273,0.28423125999309823,0.31245743419176863
1,0.15332618477785592,0.09582886548615994,0.03833154619446398,0.10541175203477594,0.2592719572215707,0.3478296942851736
1,0.08004424083915618,0.053362827226104116,0.12451326352757629,0.10672565445220823,0.3121587176950984,0.32319529625985677
1,0.0386599880536175,0.20296493728149187,0.06765497909383063,0.08698497312063938,0.2844724351478737,0.31926268730254687
1,0.05878621413658379,0.16656094005365407,0.0783816188487784,0.09797702356097299,0.2773871562083624,0.3209070471916483
1,0.11634733990787213,0.04474897688764312,0.12529713528540076,0.08054815839775763,0.29931387632849754,0.33374451319282883
1,0.14143901591742286,0.05210911112747158,0.08932990478995127,0.022332476197487818,0.3229216637233263,0.3718678282443403
1,0.17038995907000154,0.04868284544857187,0.10547949847190571,0.008113807574761978,0.32651194016622676,0.3408219492685321
1,0.07596594631870554,0.1234446627678965,0.09495743289838192,0.09495743289838192,0.3021789994358175,0.3084955256808166
1,0.10442923338586471,0.04351218057744363,0.13923897784781963,0.06961948892390982,0.3227879426665776,0.3204121765983845
1,0.13723554824084244,0.10782793076066191,0.04901269580030087,0.10782793076066191,0.2565346069612009,0.3415612874763319
1,0.1197265944036664,0.042759498001309425,0.1111746948034045,0.07696709640235697,0.31283289321957153,0.33653922316969126
1,0.1464125078669626,0.05856500314678504,0.09760833857797507,0.09760833857797507,0.28036728854995197,0.3194385232803502
1,0.1450911112860102,0.12574562978120885,0.0483637037620034,0.07738192601920545,0.2566539107766922,0.3467637183748799
1,0.09081204022451998,0.08255640020410906,0.09906768024493089,0.06604512016328726,0.3256338067389652,0.3358849524241876
1,0.0906534689592866,0.15108911493214433,0.030217822986428864,0.1410165072700014,0.27095421267166103,0.3160688731804779
1,0.13120546247072187,0.12183364372281315,0.046859093739543514,0.08434636873117833,0.25242132147342666,0.36333410986231657
1,0.13381295551269928,0.05017985831726223,0.10035971663452446,0.05854316803680594,0.29951759056012833,0.35758671093857985
1,0.026453918605419152,0.052907837210838304,0.1587235116325149,0.12345162015862272,0.30474158418575503,0.3337215282068498
1,0.10211811024653511,0.12068503938226877,0.04641732283933414,0.11140157481440192,0.2936036735261898,0.3257742791912702
1,0.2122487775093505,0.05536924630678708,0.07382566174238278,0.03691283087119139,0.31842107296528255,0.3032224106050057
1,0.1779830618923403,0.12563510251224022,0.0523479593801001,0.07328714313214013,0.2650391258084623,0.3057076072747169
1,0.15016210950942824,0.05631079106603558,0.12200671397641043,0.05631079106603558,0.28782545343750193,0.3273841409445883
1,0.050070003143153664,0.150210009429461,0.04005600251452294,0.17023801068672245,0.26323837625083685,0.3261875979753031
1,0.08678359719338072,0.12535408483488328,0.04821310955187818,0.1349967067452589,0.2663298359938843,0.3383226656807145
1,0.10976070441594142,0.1317128452991297,0.05488035220797071,0.153664986182318,0.2659749152481792,0.284006196646461
1,0.1666413796265477,0.01851570884739419,0.11109425308436513,0.08332068981327385,0.2869522607381419,0.3334757078902773
1,0.1061325910728177,0.0353775303576059,0.1415101214304236,0.07959944330461327,0.28256399689106715,0.3548163169434724
1,0.12367717831124614,0.024735435662249228,0.1401674687527456,0.049470871324498455,0.28769941551232037,0.37424963043694026
1,0.10787307939327238,0.10787307939327238,0.043149231757308955,0.18338423496856307,0.2731820242581525,0.28453835022943075
1,0.1774234268855133,0.056028450595425244,0.08404267589313787,0.0653665256946628,0.32462689699325215,0.29251202393800857
1,0.08527129964161263,0.12790694946241896,0.042635649820806316,0.18120151173842686,0.23171166745518113,0.33127292188155416
1,0.08791623479484527,0.0781477642620847,0.11722164639312703,0.11722164639312703,0.2949506926603847,0.3045420154964314
1,0.14601621547163268,0.12355218232215073,0.03369604972422292,0.15724823204637367,0.24888455653934854,0.2906027638962714
1,0.11630924342634873,0.12688281101056223,0.04229427033685408,0.1480299461789893,0.23562166500795761,0.33086206403928814
1,0.15981435559170376,0.02996519167344445,0.14982595836722226,0.0699187805713704,0.309213410465745,0.281262303330514
1,0.0769422563417747,0.048088910213609184,0.08656003838449654,0.18273785881171492,0.27038440704262756,0.33528652920577723
1,0.1598853727818155,0.06583515349839462,0.06583515349839462,0.09405021928342089,0.2992117220255054,0.3151823789124689
1,0.090480682904761,0.180961365809522,0.07917059754166587,0.11310085363095124,0.2547274032253897,0.28155909688771014
1,0.18623957795480994,0.044342756655907124,0.09755406464299568,0.035474205324725706,0.32641072352772904,0.30997867189383255
1,0.1922591531624125,0.05493118661783213,0.10070717546602559,0.027465593308916066,0.33054098637553553,0.29409590506927824
1,0.11460865547788145,0.04408025210687748,0.10579260505650594,0.09697655463513045,0.30140598015268527,0.33713595257091955
1,0.13495811559478313,0.05398324623791325,0.09896928476950764,0.08097486935686989,0.2774136722676526,0.35370081177327345
1,0.10621245872763299,0.177020764546055,0.04720553721228134,0.15341799593991434,0.2658525382160978,0.2502907053580185
1,0.12887124866561978,0.0687313326216639,0.10309699893249583,0.05154849946624791,0.32791873343166505,0.31983318688230755
1,0.12554620728991053,0.08070827611494247,0.06277310364495527,0.0986434485849297,0.25546038590186987,0.3768685784633922
1,0.15652478660864586,0.02236068380123512,0.08944273520494048,0.03726780633539187,0.34136260325723145,0.3530413847925552
1,0.10715894090697463,0.057700968180678644,0.12364493181573995,0.04945797272629598,0.3355802782853529,0.32645690808495786
1,0.13030011939114192,0.07445721108065251,0.05584290831048938,0.12099296800606033,0.2884064954111979,0.3300002978004579
1,0.2089813584023469,0.07599322123721707,0.06649406858256493,0.03799661061860853,0.2858089934103481,0.32472574774891455
1,0.1432268368680857,0.1329963485203653,0.04092195339088163,0.10230488347720407,0.24395883778945449,0.33659113995400897
1,0.09567207420735468,0.09567207420735468,0.1169325351423224,0.12756276560980623,0.24597121782619843,0.3181893330069636
1,0.14944460795611617,0.09962973863741079,0.07970379090992863,0.07970379090992863,0.2337188060554191,0.3577992655311967
1,0.06751497738210765,0.12538495799534277,0.09644996768872521,0.10609496445759774,0.2810928060712162,0.32346232640501044
1,0.11246251817548242,0.06920770349260456,0.121113481112058,0.05190577761945342,0.3149076838037993,0.33040283579660223
1,0.1041713760859395,0.1041713760859395,0.041668550434375805,0.17709133934609717,0.24522430974325077,0.3276730483043972
1,0.10411556193742548,0.03718412926336624,0.11155238779009871,0.05205778096871274,0.2995184688695797,0.39557167117081715
1,0.06383606648566742,0.08207494262442953,0.16414988524885907,0.06383606648566742,0.38926711928991087,0.23683591986546565
1,0.07479276340041695,0.1495855268008339,0.05609457255031271,0.10284004967557331,0.2938079842467778,0.32287910332608544
1,0.11532125702467169,0.07983779332477271,0.07983779332477271,0.08870865924974745,0.3076618503014217,0.3286326467746137
1,0.06525832164551086,0.13051664329102172,0.08157290205688858,0.05710103143982201,0.3150931242302385,0.3504579773365183
1,0.11666066957286272,0.1458258369660784,0.0680520572508366,0.0680520572508366,0.2805889150271758,0.3208204639322098
1,0.07764081889202784,0.12616633069954525,0.03882040944601392,0.15528163778405568,0.22983289436299648,0.3722579088153607
1,0.1409261516302578,0.12079384425450666,0.030198461063626666,0.12079384425450666,0.28657041565909447,0.30071728313800783
1,0.14894507540629448,0.027927201638680215,0.13963600819340108,0.06516347049025384,0.26761515494114957,0.3507130893302207
1,0.13976569136538688,0.11979916402747445,0.03993305467582482,0.10981590035851825,0.2700037500483408,0.32068243952445485
1,0.07791779883569139,0.1892289400295362,0.06678668471630689,0.12244225531322932,0.3009982070636953,0.2426261140415409
1,0.04534504638642112,0.09975910205012646,0.08162108349555801,0.1451041484365476,0.33623910145690583,0.29193151817444096
1,0.04525433551916059,0.12444942267769163,0.04525433551916059,0.24889884535538326,0.2384427100915197,0.2977003508370844
1,0.04884016500702281,0.14652049502106843,0.029304099004213685,0.17582459402528214,0.2731584911744391,0.32635215576797383
1,0.09305902136651426,0.12407869515535233,0.09305902136651426,0.11373880389240631,0.2637478029528959,0.312316655266317
1,0.13008141403579496,0.11006888879951882,0.040025050472552295,0.13008141403579496,0.256686339156894,0.3330568934994451
1,0.15380745611250535,0.03845186402812634,0.10574262607734743,0.09612966007031584,0.26234431861622104,0.3435240750954839
1,0.09372711667639197,0.09372711667639197,0.12496948890185594,0.1145553648267013,0.28611331691654013,0.2869075960021187
1,0.14353674743352693,0.05382628028757259,0.12559465400433606,0.04485523357297716,0.3486910519706931,0.2834960327308942
1,0.13422499470295512,0.03158235169481297,0.11843381885554866,0.039477939618516214,0.32921243422565744,0.3470684609025096
1,0.09633486411497968,0.09633486411497968,0.028900459234493907,0.17340275540696345,0.2802060595474161,0.324820997581167
1,0.12675592504445546,0.045269973230162665,0.15391790898255306,0.045269973230162665,0.28597179549393165,0.34281442401873446
1,0.15078943300712488,0.01773993329495587,0.09756963312225729,0.09756963312225729,0.38545704546110365,0.2508743219923011
1,0.12746016377521896,0.02389878070785355,0.11152764330331659,0.06373008188760948,0.3681840559888352,0.3051992743371663
1,0.10157724874318554,0.10157724874318554,0.10157724874318554,0.07387436272231675,0.34954187433064227,0.2718520167174842
1,0.06436235796712908,0.19308707390138724,0.0,0.18236001424019907,0.2636280840876039,0.29656246980368056
1,0.15704358223958162,0.046189288893994596,0.12933000890318488,0.046189288893994596,0.35511102053838967,0.26613681053085464
1,0.1452823007763378,0.024213716796056297,0.10492610611624396,0.05649867252413137,0.3397281841657177,0.329351019621513
1,0.10481008980356085,0.03493669660118695,0.13101261225445107,0.08734174150296738,0.31728331951787137,0.32461554031996237
1,0.12884431890925688,0.15857762327293157,0.0,0.11893321745469866,0.20520852481450563,0.3884363155486073
1,0.11835950693684909,0.11835950693684909,0.06904304571316197,0.09863292244737425,0.2508583515068224,0.34474666645894336
1,0.07011887407108605,0.07011887407108605,0.1001698201015515,0.17028869417263753,0.28235807299445503,0.3069456645891839
1,0.11293110590786165,0.060809057027310126,0.147679138494896,0.03474803258703436,0.27353591675432126,0.3702967492285765
1,0.0711685857237854,0.16267105308293806,0.061001644906101764,0.12200328981220353,0.23774849697861145,0.3454069294963597
1,0.05427824232244818,0.1845460238963238,0.0,0.2062573208253031,0.2727882188059319,0.28213019414999296
1,0.09152028828097761,0.1189763747652709,0.045760144140488804,0.1189763747652709,0.26229900570393916,0.3624678123440527
1,0.05773902574467961,0.17321707723403884,0.011547805148935924,0.23095610297871844,0.2532101303800481,0.2733298585135791
1,0.08770552018794106,0.08770552018794106,0.1315582802819116,0.052623312112764636,0.3054009098674751,0.3350064573619665
1,0.10583004248496473,0.05772547771907167,0.12507186839132195,0.10583004248496473,0.30588910675174313,0.2996534621679337
1,0.16511599448477413,0.07223824758708869,0.04127899862119353,0.14447649517417738,0.26275429705618764,0.31413596707657854
1,0.05535535757852595,0.13838839394631489,0.05535535757852595,0.12916250101656057,0.27083437063058463,0.3509040192494879
1,0.10080193286268495,0.1792034362003288,0.03360064428756165,0.14560279191276715,0.2514600458104654,0.28933114892619194
1,0.0199219275108586,0.18925831135315674,0.0298828912662879,0.1693363838422981,0.252664773824707,0.3389357122026917
1,0.07979830602228928,0.0558588142156025,0.12767728963566286,0.06383864481783143,0.30747586179509767,0.3653510835135162
1,0.1588229804841455,0.1710401328290798,0.048868609379737075,0.12217152344934269,0.2560378124241327,0.24305894143356227
1,0.08543900142448997,0.06835120113959198,0.11961460199428597,0.07689510128204098,0.3248228613536922,0.3248772328058989
1,0.0695285214526756,0.06083745627109115,0.1216749125421823,0.10429278217901339,0.32640507385807116,0.31726125369696645
1,0.08967940741837348,0.05231298766071787,0.0971526913699046,0.0672595555637801,0.32851772685905717,0.36507763112816694
1,0.12907219503227865,0.0774433170193672,0.06023369101506338,0.0860481300215191,0.29942548748688536,0.3477771794248864
1,0.15562795099076143,0.06408209746678412,0.07323668281918184,0.08239126817157957,0.2901298647428194,0.3345321358088737
1,0.1201048833423652,0.0300262208355913,0.10509177292456955,0.05254588646228477,0.33895646021282083,0.3532747762223684
1,0.037189550272898865,0.15805558865982014,0.037189550272898865,0.14875820109159546,0.28562944352844605,0.3331776661743407
1,0.04612064111969577,0.20754288503863097,0.03459048083977183,0.18448256447878308,0.28122075283696957,0.24604267568614865
1,0.0722192787678329,0.041268159295904515,0.13412151771168968,0.17538967700759417,0.2655907692762454,0.31141059794073345
1,0.1140342110993435,0.09649048631482912,0.08771862392257192,0.06140303674580035,0.3035841000090167,0.33676954190843844
1,0.16919371693004967,0.03981028633648228,0.10947828742532627,0.08957314425708512,0.3389743925818995,0.25297017246915704
1,0.17247958553135795,0.041066567983656654,0.09855976316077597,0.024639940790193993,0.31953380240428203,0.3437203401297334
1,0.09246279073473554,0.04202854124306161,0.1513027484750218,0.058839957740286254,0.4138393499402193,0.2415266118666755
1,0.1303030179332617,0.06080807503552213,0.11292928220882681,0.05212120717330468,0.2913666533577803,0.35247176429130433
1,0.1153058932353068,0.09608824436275566,0.038435297745102265,0.1441323665441335,0.2615353694896469,0.34450282862305504
1,0.0624623810404734,0.089231972914962,0.0624623810404734,0.15169435395543537,0.3060997682563688,0.32804914279228686
1,0.0557293942550488,0.20062581931817572,0.04458351540403905,0.15604230391413668,0.26329990502579953,0.2797190620828003
1,0.061921494868707454,0.12384298973741491,0.04128099657913831,0.19608473375090696,0.2808778410744326,0.29599194398939976
1,0.07574599023044619,0.16231283620809897,0.010820855747206598,0.19477540344971878,0.24612640956844728,0.31021850479608226
1,0.1500868720515214,0.06319447244274586,0.08689239960877555,0.023697927166029694,0.37461074180745907,0.3015175869234683
1,0.1040422247331776,0.06069129776102027,0.11271241012760908,0.0780316685498832,0.3090232104130326,0.33549918841527715
1,0.1061754272343184,0.04900404333891618,0.1306774489037765,0.04900404333891618,0.33375152645189937,0.3313875107321733
1,0.13033758894826095,0.11028565218699003,0.06015581028381274,0.11028565218699003,0.26015583703692424,0.3287794593570222
1,0.09447838952497985,0.15746398254163307,0.041990395344435494,0.13646878486941535,0.3174394114901584,0.2521590362293778
1,0.1278805294439772,0.05480594119027594,0.10961188238055188,0.08220891178541391,0.3443237319775098,0.2811690032222714
1,0.07432825917609728,0.1698931638310795,0.0637099364366548,0.1274198728733096,0.3075228281913768,0.2571259394914821
1,0.0653455460789008,0.1120209361352585,0.03734031204508617,0.16803140420288776,0.26124597434273317,0.35601582719513364
1,0.1613453416745085,0.04481815046514125,0.06274541065119776,0.09859993102331077,0.2950660711692085,0.3374250950166332
1,0.08437981106370658,0.11250641475160877,0.05625320737580439,0.1312574838768769,0.2721913005737927,0.34341178235821046
1,0.14760270208873305,0.14760270208873305,0.03162915044758565,0.10543050149195217,0.26118817710981074,0.30654676677318543
1,0.09607763410877125,0.11742821946627599,0.09607763410877125,0.12810351214502833,0.26532010131461314,0.29699289885654007
1,0.08535410294956272,0.10242492353947526,0.07681869265460645,0.08535410294956272,0.3093878236238683,0.34066035428292457
1,0.07879849531238933,0.1050646604165191,0.07879849531238933,0.09630927204847585,0.29862274537700517,0.3424063315332213
1,0.12557404557708796,0.022160125690074344,0.08864050276029738,0.06648037707022304,0.33028150724437555,0.36686344165794166
1,0.07338554397005402,0.11925150895133778,0.03669277198502701,0.14677108794010804,0.2351825515207421,0.38871653563273095
1,0.06398277523162371,0.13862934633518473,0.10663795871937287,0.12796555046324742,0.313469872357801,0.24931449689277022
1,0.07254543427772536,0.06347725499300969,0.10881815141658803,0.12695450998601937,0.27740153938783557,0.35080310993882197
1,0.08617223574063056,0.12447100718091081,0.10532162146077069,0.07659754288056049,0.2643148439371282,0.34312274879999916
1,0.06422602753838609,0.11010176149437613,0.06422602753838609,0.13762720186797017,0.2820938041688716,0.3417251773920099
1,0.11477373459837126,0.03279249559953464,0.13116998239813857,0.05738686729918563,0.3623561459804779,0.301520774124292
1,0.08226480732633824,0.13368031190529964,0.06169860549475368,0.14396341282109193,0.2589393468899919,0.31945351556252455
1,0.029499807517155432,0.16716557593054746,0.058999615034310865,0.14749903758577718,0.23171681501411157,0.36511914891809755
1,0.08659486193876198,0.08659486193876198,0.06297808141000871,0.08659486193876198,0.2961587518070948,0.3810785809666106
1,0.13178440177113074,0.1723334484699402,0.07096083172291656,0.04054904669880946,0.278186026672486,0.30618624466471694
1,0.15515513920656415,0.0730141831560302,0.11864804762854907,0.02738031868351132,0.3047920481963685,0.32101026312897657
1,0.10429245043295053,0.03208998474860016,0.1363824351815507,0.05615747331005029,0.39537129158914236,0.27570636473770604
1,0.07318869586791962,0.13722880475234928,0.04574293491744976,0.11893163078536938,0.2625459916779135,0.3623619419989983
1,0.12170849650863065,0.17703054037619004,0.011064408773511877,0.1438373140556544,0.2613940625530109,0.28496517773300223
1,0.056316212472705574,0.11263242494541115,0.056316212472705574,0.15956260200599912,0.32681024970434036,0.2883622983988381
1,0.10209908599428007,0.13922602635583645,0.037126940361556386,0.10209908599428007,0.2894405192901014,0.3300083420039457
1,0.21650571531704757,0.019682337756095233,0.11809402653657139,0.049205844390238083,0.2894706472845859,0.3070414287154618
1,0.12692013796007118,0.14644631303085134,0.00976308753539009,0.11715705042468107,0.26260577820218234,0.33710763284682393
1,0.1190707146646548,0.05103030628485205,0.07654545942727808,0.1020606125697041,0.28707763563362637,0.3642152714198847
1,0.07898772289106881,0.15797544578213762,0.01128396041300983,0.21439524784718678,0.21181803087083168,0.3255395921957651
1,0.1461508273352836,0.03897355395607563,0.10717727337920797,0.10717727337920797,0.26826749488541907,0.3322535770648058
1,0.11535826283596487,0.053242275155060706,0.13310568788765176,0.062115987680904164,0.31534860009183135,0.32082918634858715
1,0.08892587014077943,0.10671104416893532,0.05335552208446766,0.11560363118301327,0.2966063380964216,0.33879759432638284
1,0.09713023368059674,0.15109147461426162,0.010792248186732972,0.18346821917446052,0.25431118993883783,0.30320663440511025
1,0.10430777376138851,0.14603088326594393,0.041723109504555406,0.13560010588980506,0.27112461084246703,0.30121351673584024
1,0.09132892159643602,0.16236252728255293,0.04059063182063823,0.12177189546191468,0.2585465375554781,0.32539948628298
1,0.02763955313766506,0.15662413444676868,0.05527910627533012,0.1381977656883253,0.3060863560389641,0.3161730844129466
1,0.05159584906257555,0.185745056625272,0.05159584906257555,0.13414920756269644,0.24402294358243526,0.33289109410444523
1,0.059889095917811164,0.20362292612055793,0.07186691510137339,0.15571164938630902,0.2588202395894506,0.250089173884498
1,0.04616205934017339,0.11078894241641613,0.06462688307624274,0.15695100175658952,0.2590515840594731,0.36241952935110505
1,0.08463683109040433,0.09404092343378259,0.12225320046391738,0.08463683109040433,0.3236752815232568,0.2907569323982344
1,0.08330560868002457,0.16661121736004914,0.1309088136400386,0.10710721116003158,0.21810492878689117,0.2939622203729651
1,0.0790785921575121,0.1355633008414493,0.04518776694714977,0.20334495126217395,0.2759485002777496,0.2608768885139652
1,0.055735343143919154,0.09289223857319859,0.12075991014515818,0.11147068628783831,0.2976340695209679,0.3215077523289179
1,0.0708770353999395,0.05315777654995462,0.15061370022487142,0.08859629424992436,0.30790709115056164,0.3288481024247484
1,0.1181697139027673,0.06362984594764394,0.07271982394016449,0.1181697139027673,0.3156327141113155,0.31167818819534154
1,0.09306804727029824,0.13443162383487525,0.06204536484686549,0.13443162383487525,0.26932080739445086,0.3067025328186349
1,0.08532078538246875,0.04653861020861931,0.09307722041723862,0.09307722041723862,0.3280863988595785,0.35389976471485624
1,0.16680240001425398,0.02274578182012554,0.10614698182725253,0.015163854546750361,0.3286066583385382,0.3605343234530794
1,0.13108473305135784,0.12100129204740723,0.020166882007901205,0.14116817405530846,0.2746848906135459,0.3118940282244793
1,0.11505369396190494,0.02655085245274729,0.11505369396190494,0.10620340981098916,0.31103438230689645,0.3261039675055573
1,0.06913595958592897,0.1185187878615925,0.06913595958592897,0.14814848482699064,0.310237580496508,0.2848232276430509
1,0.1356836851327245,0.0814102110796347,0.09045579008848299,0.0633190530619381,0.27673823042407986,0.35239303021313984
1,0.10051481714767288,0.03092763604543781,0.09278290813631343,0.09278290813631343,0.3082624156629845,0.37472931487127786
1,0.10370756378887916,0.08485164309999203,0.07542368275554848,0.12256348447776627,0.2652984549009134,0.34815517097690074
1,0.10115063542065122,0.06743375694710083,0.10957985503903883,0.06743375694710083,0.34028841219328543,0.3141135834528229
1,0.14268552620290756,0.054879048539579825,0.02195161941583193,0.23049200386623528,0.2512820125203885,0.298709789455057
1,0.0897773691622387,0.07345421113274075,0.09793894817698767,0.07345421113274075,0.3824466312881086,0.2829286291071836
1,0.08122687251306075,0.19726526181743323,0.01160383893043725,0.185661422886996,0.25974084871679143,0.2645017551352813
1,0.12737012422983396,0.02547402484596679,0.1443528074604785,0.05094804969193358,0.34226100979080126,0.3095939839809858
1,0.07767979806903506,0.12622967186218198,0.03883989903451753,0.15535959613807013,0.2871433007509578,0.31474773414523755
1,0.09748066868057924,0.11697680241669509,0.02924420060417377,0.15596906988892678,0.24378464474144398,0.35654461366818113
1,0.10860829696842164,0.007757735497744403,0.12412376796391045,0.07757735497744403,0.31068681284287214,0.3712460317496074
1,0.13611453449301897,0.09074302299534599,0.0816687206958114,0.0635201160967422,0.3568746890884615,0.27107891663062006
1,0.05588800573987751,0.1490346819730067,0.05588800573987751,0.12109067910306795,0.24985842631485466,0.3682402011293157
1,0.07317737297895371,0.04573585811184607,0.1372075743355382,0.11891323109079978,0.2619077625265718,0.3630582009562904
1,0.137431776357053,0.137431776357053,0.03171502531316607,0.12686010125266428,0.2625728946104361,0.3039884261096276
1,0.08743791410199438,0.11658388546932583,0.13601453304754682,0.05829194273466291,0.2613014950591043,0.3403702295873657
1,0.018008147143829357,0.09904480929106146,0.06302851500340274,0.18908554501020824,0.2650035228594937,0.3658294606920045
1,0.05793731663190751,0.10621841382516378,0.03862487775460501,0.19312438877302504,0.2713056207863866,0.3327893822289121
1,0.125572101607659,0.041857367202552995,0.1172006281671484,0.0586003140835742,0.3099146564029047,0.3468549325361607
1,0.1355238193610551,0.14520409217255903,0.0290408184345118,0.0871224553035354,0.2508228145389486,0.35228600018939
1,0.07060943936801763,0.18829183831471366,0.03530471968400881,0.18829183831471366,0.2190772676091902,0.298424896709356
1,0.10520569367505735,0.04855647400387262,0.11329843934236945,0.06474196533849683,0.34290233295298894,0.3252950946872148
1,0.14927616887522063,0.03512380444122838,0.10537141332368515,0.07024760888245676,0.30110782163803107,0.33887318283937795
1,0.07011034250599919,0.07887413531924908,0.09640172094574889,0.11392930657224869,0.27996338668446386,0.36072110797229023
1,0.15233009157311211,0.025388348595518685,0.10155339438207474,0.06770226292138316,0.3488578772314424,0.30416802529646886
1,0.10282825113467114,0.05998314649522484,0.11996629299044968,0.0685521674231141,0.31912119497581365,0.32954894698072656
1,0.1725278300160056,0.04107805476571562,0.09037172048457437,0.032862443812572494,0.2985551414258572,0.36460480949527474
1,0.08010814561001069,0.13017573661626736,0.07009462740875935,0.13017573661626736,0.27580881506358956,0.3136369386851058
1,0.13391830608229857,0.11478711949911306,0.03826237316637102,0.10522152620752032,0.2785391779965854,0.32927149704811165
1,0.08049542783426229,0.10732723711234972,0.06260755498220401,0.11627117353837886,0.2885900114522216,0.34470859508058355
1,0.09834180535275573,0.15734688856440918,0.049170902676377866,0.09834180535275573,0.28047663105091397,0.31632196700278753
1,0.08110067733617381,0.13178860067128245,0.13178860067128245,0.07096309266915209,0.24459820264249094,0.3397608260096182
1,0.027139943222967772,0.13569971611483886,0.054279886445935545,0.15379301159681738,0.2666473507565762,0.3624400918628642
1,0.13852297738842181,0.024445231303839143,0.12222615651919572,0.048890462607678285,0.2937746336467179,0.3721405385341472
1,0.14938988030749042,0.11951190424599234,0.05975595212299617,0.07967460283066156,0.25332691035446986,0.3383407501383898
1,0.10429902502743134,0.1251588300329176,0.07300931751920195,0.1251588300329176,0.2962202684541546,0.27615372893337686
1,0.10494162365191646,0.04372567652163186,0.13992216486922196,0.06996108243461098,0.3245273967212572,0.3169220558013615
1,0.14228768023620555,0.20157421366795786,0.03557192005905139,0.10671576017715417,0.24244882229504117,0.2714016035645898
1,0.1638664474530366,0.19663973694364395,0.021848859660404882,0.06554657898121465,0.19972239834129568,0.3523759786204042
1,0.12718844139844962,0.054509332027906976,0.13627333006976744,0.054509332027906976,0.3197378463638919,0.3077817181120771
1,0.09451304905667879,0.14702029853261148,0.05250724947593266,0.13651884863742492,0.25435707488467457,0.31508347941267756
1,0.05320027294393708,0.1507341066744884,0.08866712157322847,0.07093369725858278,0.3973926049077182,0.23907219664204496
1,0.1558009796639147,0.00973756122899467,0.10711317351894137,0.1265882959769307,0.26758792618778005,0.3331720634234387
1,0.13926836345399962,0.17140721655876878,0.021425902069846098,0.10712951034923048,0.27023474539985803,0.2905342621682971
1,0.04893636252712523,0.07829818004340038,0.1272345425705256,0.14680908758137567,0.2732033256846444,0.3255185015929289
1,0.09009549431857496,0.0655239958680545,0.15561949018662946,0.024571498450520438,0.34971061261986636,0.31447890855635435
1,0.07687465465139119,0.1057026501456629,0.07687465465139119,0.13453064563993458,0.2446556159365907,0.36136177897502947
1,0.11105604816708338,0.08329203612531254,0.08329203612531254,0.10180137748649311,0.28671556472954624,0.3338429373662522
1,0.098473821720271,0.20925687115557587,0.0492369108601355,0.14771073258040648,0.2385632077749098,0.2567584559087014
1,0.06337230932633732,0.12674461865267464,0.05281025777194776,0.19011692797901195,0.2474016548012197,0.3195542314688088
1,0.06143546145522745,0.1316474174040588,0.0438824724680196,0.1228709229104549,0.3063721507179499,0.3337915750442894
1,0.1044482056528926,0.05624134150540371,0.12051716036872223,0.04820686414748889,0.2778020404686445,0.3927843878568481
1,0.0982471627778438,0.08038404227278129,0.12504184353543757,0.06252092176771878,0.33523457073770996,0.2985714589085086
1,0.06953528257875154,0.13907056515750307,0.03973444718785802,0.15893778875143208,0.2649921399568833,0.327729776367572
1,0.06510965698369625,0.04069353561481016,0.11394189972146845,0.11394189972146845,0.280431626994012,0.3858813809645446
1,0.14687254997520613,0.07343627498760306,0.11933394685485497,0.03671813749380153,0.2916561544369324,0.3319829362516018
1,0.058252455668619876,0.15533988178298636,0.08737868350292982,0.09708742611436647,0.2698162665302953,0.33212528640080213
1,0.13040065037618662,0.09027737333735997,0.0802465540776533,0.11033901185677329,0.3099132746152124,0.2788231357368145
1,0.13090865186104467,0.06981794765922383,0.11345416494623872,0.04363621728701489,0.30315365394768945,0.33902936429878844
1,0.12370255100939925,0.0164936734679199,0.14844306121127912,0.0494810204037597,0.37244769340627387,0.28943200050136814
1,0.11838863235571803,0.05524802843266842,0.07892575490381203,0.07103317941343082,0.3073781769962604,0.3690262278981103
1,0.05048561647893526,0.15145684943680576,0.0,0.2120395892115281,0.2827860539311306,0.3032318909416004
1,0.1453291424896356,0.0726645712448178,0.09083071405602224,0.06358149983921557,0.3242202184442095,0.30337385392609945
1,0.12237111937707913,0.022944584883202335,0.0994265344938768,0.068833754649607,0.3287548919064459,0.3576691146897888
1,0.14804450863452673,0.11103338147589505,0.0462639089482896,0.07402225431726336,0.23537021878798525,0.3852657278360399
1,0.10154068454562969,0.05538582793397982,0.1292335985126196,0.0923097132232997,0.29995473427504504,0.32157544150942624
1,0.15078869943769524,0.04434961748167507,0.10643908195602017,0.0620894644743451,0.3058630095702113,0.3304701270800531
1,0.03661640429604358,0.15561971825818519,0.04577050537005447,0.1373115161101634,0.2339924515258041,0.3906894044397491
1,0.10738772711666962,0.0894897725972247,0.04474488629861235,0.1252856816361146,0.2638275874122656,0.36926434493911314
1,0.0727440700456038,0.1454881400912076,0.08313608005211863,0.12470412007817794,0.2583189958184354,0.3156085939144567
1,0.09496446906415429,0.12345380978340059,0.06647512834490801,0.10446091597056974,0.2595447206757391,0.35110095616122833
1,0.1496696676239062,0.08980180057434373,0.08980180057434373,0.07982382273274997,0.29280372425020124,0.29809918424445514
1,0.09316802839805882,0.08469820763459893,0.1016378491615187,0.06775856610767914,0.349253083271887,0.3034842654262575
1,0.14562622403549327,0.06241123887235425,0.1352243508901009,0.08321498516313901,0.2904594460205163,0.28306375501839615
1,0.17904980868573303,0.03978884637460734,0.09947211593651835,0.08952490434286652,0.24864205510065499,0.34352226955961973
1,0.13480339938524918,0.09332543034363405,0.07258644582282649,0.1244339071248454,0.2577525622276585,0.3170982550957862
1,0.12088910211984369,0.0431746793285156,0.12088910211984369,0.06907948692562496,0.31887677904634315,0.327090850459829
1,0.1364828992225604,0.024085217509863602,0.1364828992225604,0.03211362334648481,0.3598297674096399,0.3110055932888909
1,0.14975110032008224,0.021393014331440318,0.11409607643434838,0.007131004777146774,0.35633756814670886,0.35129123599027334
1,0.10644485093098824,0.12773382111718587,0.07451139565169176,0.12773382111718587,0.25851067390413046,0.30506543727881774
1,0.11540540471691582,0.05770270235845791,0.07418918874658874,0.09067567513471957,0.3114221518979975,0.35060487714532057
1,0.05971730642149057,0.16919903486088994,0.05971730642149057,0.11943461284298114,0.2811980738994329,0.31073366555371484
1,0.09783755252676009,0.11562619844071646,0.07115458365582551,0.0800489066128037,0.3072708085291349,0.32806195023475937
1,0.13354188365821204,0.08584835378027916,0.07630964780469258,0.09538705975586573,0.23561597110199983,0.3732970838989506
1,0.09162546870661513,0.08329588064237739,0.06663670451390191,0.09995505677085285,0.3195863772729875,0.33890051209326516
1,0.1337538708809073,0.14490002678764957,0.011146155906742276,0.16719233860113414,0.23964742276321216,0.30336018506035467
1,0.05197907767784099,0.041583262142272794,0.10395815535568198,0.2287079417825004,0.26928148158639476,0.30449008145530904
1,0.10230736272900201,0.11935858985050236,0.05967929492525118,0.06820490848600134,0.2970391503526209,0.35341069365662225
1,0.07795324031393816,0.07795324031393816,0.10913453643951343,0.054567268219756715,0.3703575530949526,0.31003416161790087
1,0.11252879486566456,0.1406609935820807,0.05626439743283228,0.0750191965771097,0.28392392146777495,0.3316026960745378
1,0.06621912674155435,0.20969390134825547,0.06621912674155435,0.11036521123592392,0.2845625552142018,0.26294007871851005
1,0.11749059785309328,0.0489544157721222,0.12728148100751774,0.10769971469866886,0.28790623611891153,0.3106675545496863
1,0.0717271653325557,0.06375748029560506,0.10360590548035822,0.08766653540645697,0.29421139774530664,0.3790315157397174
