1,0.08081957818337407,0.09092202545629582,0.07071713091045231,0.17174160363966987,0.2627893293519114,0.3230103324582965
1,0.14227284094138787,0.04184495321805526,0.10879687836694367,0.05021394386166631,0.28992391731945955,0.3669474662924873
1,0.10150061189900471,0.0710504283293033,0.0710504283293033,0.172551040228308,0.281518184803066,0.3023293064110148
1,0.1118474345212779,0.04793461479483338,0.09586922958966676,0.07190192219225008,0.36213932469869914,0.3103074742032726
1,0.060314625968567,0.120629251937134,0.09047193895285051,0.14073412725998968,0.2867422717092406,0.3011077841722182
1,0.09337255440717471,0.09337255440717471,0.05602353264430482,0.14005883161076205,0.2844463405103637,0.33272618642021984
1,0.05973839425631844,0.13938958659807638,0.0497819952135987,0.15930238468351585,0.29732013389311784,0.2944675053553728
1,0.060027619592281506,0.15435673609443815,0.0686029938197503,0.0686029938197503,0.3087667984213654,0.3396428582524145
1,0.1324711939921521,0.1324711939921521,0.030570275536650485,0.12228110214660194,0.2777242897772016,0.30448194455524186
1,0.06480209145399457,0.1203467412717042,0.055544649817709624,0.13886162454427406,0.2868355344672427,0.3336093584450747
1,0.09530776466068543,0.1039721069025659,0.07797908017692444,0.07797908017692444,0.3117499742231586,0.3330119938597412
1,0.11072847765193407,0.042587876019974644,0.119246052855929,0.07665817683595436,0.351659653190835,0.2991197634453729
1,0.0679349575399533,0.1455749090141856,0.05822996360567424,0.12616492114562752,0.33553762100521645,0.2665576276893429
1,0.19579147333882477,0.10768531033635363,0.03915829466776496,0.058737442001647426,0.29206304106545883,0.30656443858995036
1,0.0399645043167793,0.0799290086335586,0.0799290086335586,0.20981364766309132,0.223017438975002,0.36734639177801004
1,0.10211609726087813,0.07426625255336591,0.12996594196839034,0.07426625255336591,0.28146070053888084,0.3379247551251188
1,0.10222045594122445,0.027878306165788482,0.1393915308289424,0.11151322466315393,0.25609105737205023,0.36290542502884066
1,0.13837566085026362,0.07907180620015064,0.06918783042513181,0.11860770930022595,0.2308889029584931,0.36386809026573486
1,0.15839015688456123,0.15839015688456123,0.04223737516921633,0.07391540654612858,0.23277238494326424,0.3342945195722684
1,0.024467223619260157,0.11418037688988074,0.05709018844494037,0.13864760050914088,0.3039142538856916,0.3617003566510863
1,0.06643833006160002,0.09965749509240002,0.06643833006160002,0.10796228635010002,0.3380064943883247,0.3214970640459751
1,0.03167840207717543,0.19007041246305256,0.021118934718116954,0.19007041246305256,0.306527220945532,0.2605346173330705
1,0.06645424300238417,0.0949346328605488,0.06645424300238417,0.16138887586293296,0.3043667128138149,0.306401292457935
1,0.04321072410229532,0.0756187671790168,0.09722412923016446,0.22685630153705041,0.24737392205492942,0.30971615589654344
1,0.08192033170908966,0.10922710894545287,0.10012484986666514,0.08192033170908966,0.3442909687447187,0.28251640902498387
1,0.12217410955096498,0.07854049899704892,0.10472066532939855,0.05236033266469928,0.3184896431235468,0.3237147503343414
1,0.08988302015139289,0.03595320806055716,0.1528011342573679,0.08988302015139289,0.286576398009707,0.3449032193695823
1,0.09539820747291997,0.019079641494583997,0.09539820747291997,0.18125659419854795,0.28893461944097476,0.31993272992005345
1,0.12815398879783801,0.034174397012756805,0.11106679029145962,0.07689239327870281,0.30856412919523246,0.3411483014240102
1,0.073997121942326,0.11099568291348899,0.1294949633990705,0.06474748169953524,0.3089839509305474,0.3117807991150318
1,0.10298018731594301,0.09268216858434872,0.07208613112116011,0.15447028097391452,0.2755914107741592,0.3021898212304743
1,0.13494006190713093,0.09895604539856269,0.05397602476285237,0.08096403714427856,0.32445818495714396,0.30670564583003157
1,0.08509180325876421,0.10636475407345526,0.08509180325876421,0.1595471311101829,0.26172058203201826,0.3021839262668152
1,0.11330540894486771,0.10386329153279542,0.08497905670865079,0.08497905670865079,0.31581145065376126,0.2970617354512741
1,0.07286946758504048,0.08906268260393838,0.09715929011338731,0.07286946758504048,0.34918912140529396,0.3188499707072994
1,0.14229796826720448,0.14229796826720448,0.03049242177154381,0.10164140590514605,0.28220342547992117,0.30106681030898
1,0.08630138430464943,0.025890415291394825,0.13808221488743908,0.1035616611655793,0.2894303870736845,0.3567339372772529
1,0.08508534795001599,0.13235498570002488,0.07563142040001421,0.09453927550001776,0.2937507521151176,0.3186382183348097
1,0.11548501086391591,0.02665038712244213,0.11548501086391591,0.10660154848976852,0.32128479941587085,0.31449324324408673
1,0.08740889493465907,0.1359693921205808,0.07769679549747473,0.0971209943718434,0.2991738381522323,0.3026300849232098
1,0.06023557457358614,0.26503652812377904,0.09637691931773783,0.07228268948830337,0.26719262207720035,0.23887566641939317
1,0.17001499343248144,0.06263710284354579,0.05368894529446781,0.08053341794170173,0.29376709528774503,0.3393584452000582
1,0.11013786617224859,0.18022559919095224,0.02002506657677247,0.10012533288386236,0.2222132891270941,0.3672728460490703
1,0.12623481936492484,0.06797259504265184,0.12623481936492484,0.07768296576303067,0.29281608393580205,0.30905871652866584
1,0.1325063646971183,0.06183630352532187,0.08833757646474552,0.07950381881827097,0.2760618482481504,0.36175408824639294
1,0.1229477187862042,0.10245643232183684,0.08196514585746947,0.11270207555402054,0.2945198501040444,0.2854087773764245
1,0.11416145304824035,0.028540363262060088,0.09275618060169528,0.057080726524120176,0.356840304089186,0.35062097247469803
1,0.12816561653080824,0.09858893579292942,0.04929446789646471,0.12816561653080824,0.27908731592631564,0.31669804732267365
1,0.07214454792406051,0.09619273056541401,0.09619273056541401,0.06412848704360935,0.3507342969812698,0.3206072069202323
1,0.11388965263362892,0.13459686220337963,0.062121628709252134,0.11388965263362892,0.27213434468746045,0.30336785913264996
1,0.12876502330254874,0.06867467909469267,0.08584334886836584,0.06867467909469267,0.3184565212351142,0.3295857484045857
1,0.08228952287480573,0.16457904574961146,0.07200333251545502,0.10286190359350715,0.2777776055866232,0.30048858967999764
1,0.07443663188339517,0.08374121086881955,0.1860915797084879,0.03721831594169758,0.34041071154559555,0.27810155005200415
1,0.11466663210362749,0.17199994815544123,0.03439998963108824,0.14906662173471574,0.27034333315870973,0.25952347521641755
1,0.11041561682427954,0.05520780841213977,0.11041561682427954,0.10121431542225626,0.32727935352428483,0.29546728899276
1,0.13276624593406425,0.03687951275946229,0.09588673317460196,0.03687951275946229,0.332797609219298,0.3647903861531112
1,0.12722579667851072,0.04543778452803954,0.14540091048972653,0.05452534143364744,0.3475959524945074,0.27981421437556825
1,0.09103891609389334,0.030346305364631117,0.12897179779968224,0.060692610729262235,0.32761060047624485,0.3613397695362862
1,0.14944534204410256,0.039327721590553304,0.10225207613543859,0.031462177272442646,0.3699504145504843,0.30756226840697853
1,0.0987760560525495,0.04938802802627475,0.131701408070066,0.05761936603065388,0.32567229707275147,0.3368428447477044
1,0.08433648097838846,0.1927690993791736,0.03614420613359505,0.18072103066797524,0.2839246950536949,0.2221044877871726
1,0.038912169088268625,0.11673650726480586,0.09728042272067156,0.14592063408100733,0.27041154046266924,0.3307387263825773
1,0.09485247747200257,0.09485247747200257,0.10433772521920283,0.09485247747200257,0.28545262589663517,0.3256522164681543
1,0.08291403715318811,0.08291403715318811,0.11400680108563366,0.14509956501807922,0.2899907466378958,0.2850748129520152
1,0.11286158345397054,0.03224616670113444,0.0967385001034033,0.0886769584281197,0.32253413394297686,0.34694265737039504
1,0.11991501258222424,0.02398300251644485,0.10392634423792768,0.07994334172148283,0.3125170426585534,0.3597152562833669
1,0.1101389309322045,0.059305578194263964,0.1101389309322045,0.06777780365058739,0.2900640703637675,0.3625746859269722
1,0.13269916102181065,0.11228390547999362,0.06124576662545106,0.11228390547999362,0.26627790681503183,0.31520935457771926
1,0.12321538978627908,0.08530296215973167,0.07582485525309482,0.10425917597300538,0.29069863356750836,0.32069898326038054
1,0.12144086945073555,0.11209926410837127,0.08407444808127847,0.06539123739654992,0.31130619719672215,0.3056879837663427
1,0.08101096332783207,0.11572994761118865,0.034718984283356596,0.24303288998349618,0.24973261936761515,0.2757745954265114
1,0.09875996105672029,0.1436508524461386,0.0718254262230693,0.05386906966730197,0.2860556359489031,0.3458390546578668
1,0.09295261259367735,0.11154313511241282,0.06506682881557416,0.11154313511241282,0.3272647321176312,0.2916295562482917
1,0.13049223631694026,0.13981311033957883,0.055925244135831526,0.055925244135831526,0.33827854245629846,0.2795656226155193
1,0.19393816789292914,0.058181450367878744,0.07757526715717167,0.06787835876252521,0.2642639978131466,0.3381627580063487
1,0.10249627860876451,0.0409985114435058,0.11274590646964096,0.1639940457740232,0.24668826114822048,0.33307699655584516
1,0.10418004001681519,0.12501604802017824,0.052090020008407595,0.1458520560235413,0.2645171127448837,0.30834472318617395
1,0.08072399564440055,0.017938665698755678,0.14350932559004542,0.12557065989128977,0.3288093429036839,0.30344801027182455
1,0.0786052070508301,0.08843085793218386,0.09825650881353762,0.13755911233895268,0.26896908597071467,0.3281792278937811
1,0.09304548440284256,0.13439903302632816,0.07236871009109978,0.12406064587045675,0.3193238999483986,0.25680222666087404
1,0.11836016012953074,0.050725782912656024,0.1099058629774214,0.06763437721687471,0.2896902064415611,0.36368361032195606
1,0.13040226281377384,0.03477393675033969,0.13040226281377384,0.06085438931309447,0.30701042199692785,0.3365567263120902
1,0.07789400491148485,0.12240486486090475,0.05563857493677488,0.2002988697723896,0.231881752693775,0.31188193282467097
1,0.12203578154801317,0.2196644067864237,0.03661073446440395,0.12203578154801317,0.2883588499191391,0.21129444573400677
1,0.1181829988375197,0.10833441560105973,0.039394332945839904,0.13788016531043967,0.2548019404509171,0.34140614685422377
1,0.0965354557338854,0.0482677278669427,0.12871394097851388,0.05631234917809983,0.3365730262891893,0.33359749995336885
1,0.06325118783867559,0.10843060772344386,0.09035883976953656,0.10843060772344386,0.31179856612006895,0.3177301908248311
1,0.05944594144507699,0.1287995397976668,0.03963062763005133,0.178337824335231,0.2971531542928059,0.29663291249916796
1,0.010949112974496166,0.14233846866845015,0.0,0.2956260503113965,0.20334498700680065,0.34774138103885666
1,0.10618863561001925,0.08849052967501604,0.12388674154502248,0.04424526483750802,0.29620168027553156,0.34098714805690267
1,0.09418481564577942,0.051373535806788766,0.10274707161357753,0.10274707161357753,0.25474067907550446,0.39420682624477216
1,0.028454201453120727,0.12330153963018983,0.06639313672394838,0.17072520871872437,0.278002979220795,0.33312293425322187
1,0.13751421577835451,0.01833522877044727,0.13751421577835451,0.0825085294670127,0.2949832528579992,0.3291445573478318
1,0.14198449505066238,0.06211821658466479,0.08874030940666398,0.07099224752533119,0.32766884259698975,0.308495888835688
1,0.09546851992379875,0.04339478178354488,0.1128264326372167,0.10414747628050772,0.31803216130120315,0.3261306280737289
1,0.07273666444749428,0.14547332889498857,0.062345712383566516,0.14547332889498857,0.2628777618991996,0.31109320347976255
1,0.14176606310801543,0.04169590091412219,0.14176606310801543,0.016678360365648875,0.3901095519374146,0.2679840605667836
1,0.07694107992061966,0.09617634990077457,0.08655871491069712,0.13464688986108442,0.28311740796604623,0.3225595574407779
1,0.11753755665641744,0.1469219458205218,0.0783583711042783,0.05876877832820872,0.3049194616369112,0.2934938864536626
1,0.07068176512841899,0.060584370110073414,0.14136353025683798,0.14136353025683798,0.3032558475954127,0.28275095665241884
1,0.09215631145959277,0.11980320489747061,0.11980320489747061,0.046078155729796386,0.3187805698111716,0.303378553204498
1,0.07615003772224509,0.10470630186808699,0.09518754715280635,0.11422505658336761,0.3184930727374707,0.29123798393602324
1,0.0572153299222315,0.114430659844463,0.07628710656297534,0.14303832480557876,0.25807510156370966,0.3509534773010418
1,0.11690818128299085,0.03597174808707411,0.17086580341360202,0.044964685108842634,0.3044509901629184,0.326838591944572
1,0.11743697553579202,0.05420168101651939,0.10840336203303878,0.09033613502753232,0.28263660621032366,0.34698524017679383
1,0.16019050400285306,0.040047626000713266,0.1301547845023181,0.08009525200142653,0.30420235944454727,0.2853094740481418
1,0.08127421439369212,0.10159276799211514,0.06095566079526908,0.17270770558659573,0.2547390617556889,0.3287305894766391
1,0.13266534441457936,0.05685657617767686,0.12318924838496655,0.07580876823690248,0.32383319516070375,0.28764686762517094
1,0.08388709935314358,0.12583064902971536,0.058720969547200505,0.07549838941782921,0.2858491475841311,0.3702137450679801
1,0.13342314359416,0.08577202088195998,0.10483246996683998,0.06671157179708,0.33947522336593333,0.2697855703940268
1,0.2222814941487361,0.028993238367226445,0.08697971510167933,0.05798647673445289,0.2777831138064268,0.32597596184147853
1,0.11918072900643549,0.0695220919204207,0.09931727417202957,0.11918072900643549,0.2888230537487692,0.3039761221459096
1,0.12674391412818556,0.029248595568042816,0.10724485041615701,0.13649344598419982,0.25273590783298017,0.34753328607043465
1,0.10504307110599237,0.07878230332949428,0.10504307110599237,0.07002871407066158,0.3058348603692255,0.3352679800186338
1,0.10028394149855499,0.08022715319884399,0.06017036489913299,0.17048270054754347,0.28745989298183133,0.3013759468740931
1,0.12705959997626218,0.16941279996834957,0.021176599996043696,0.11647129997824034,0.2542434092389083,0.3116362908421958
1,0.07755088784009147,0.22157396525740417,0.02215739652574042,0.1329443791544425,0.25887665847660485,0.2868967127457167
1,0.12414242574270486,0.02660194837343675,0.12414242574270486,0.08867316124478918,0.31425882884833756,0.32218121004802686
1,0.03953972325575589,0.1087342389533287,0.06919451569757282,0.18781368546484048,0.3075096865311524,0.2872081500973499
1,0.1351003170733474,0.0630468146342288,0.10808025365867792,0.0630468146342288,0.3198056124531846,0.3109201875463325
1,0.1158910487462527,0.12748015362087797,0.034767314623875806,0.19701478286862956,0.2672663438663326,0.2575803562740314
1,0.10460618892191206,0.0950965353835564,0.10460618892191206,0.08558688184520077,0.296726039677784,0.31337816524963474
1,0.1255610632109249,0.06278053160546244,0.1255610632109249,0.05381188423325352,0.4056166212468627,0.2266688364925715
1,0.12949899125923164,0.04316633041974388,0.1122324590913341,0.06906612867159022,0.2682318176753554,0.3778042728827447
1,0.13025283898425194,0.04884481461909447,0.07326722192864171,0.08140802436515746,0.31658251588658426,0.34964458421627004
1,0.07286465267526303,0.04371879160515781,0.09472404847784194,0.08743758321031563,0.3170804052854242,0.3841745187459974
1,0.05270345970386183,0.10540691940772366,0.13175864925965458,0.07027127960514912,0.30622503049712324,0.33363466152648763
1,0.1288714917581812,0.1288714917581812,0.019826383347412494,0.1288714917581812,0.27414176535621876,0.3194173760218253
1,0.11731452949417595,0.025138827748751987,0.15083296649251193,0.05027765549750397,0.3273818753162868,0.32905414545076933
1,0.0837795504707043,0.17803154475024663,0.020944887617676076,0.14661421332373253,0.2745147988987985,0.2961150049388419
1,0.12356023979982442,0.06178011989991221,0.12356023979982442,0.05295438848563903,0.33708054363680984,0.30106446837799017
1,0.11950977644129798,0.06829130082359884,0.09390053863244842,0.06829130082359884,0.2788455784263591,0.37116150485269694
1,0.07338121878944331,0.11924448053284539,0.055035914092082486,0.12841713288152581,0.3137227802618401,0.31019847344226303
1,0.09583873186854447,0.13843372381011979,0.08518998388315063,0.11713622783933213,0.24714495558786975,0.31625637701098314
1,0.09713185261755036,0.04856592630877518,0.12141481577193795,0.06475456841170024,0.3382520543636397,0.3298807825263966
1,0.09254382482899902,0.10282647203222112,0.0719785304225548,0.15423970804833168,0.2854518449975356,0.2929596196703578
1,0.1386007928180314,0.03261195125130151,0.12229481719238065,0.040764939064126884,0.34430510600462494,0.3214223936695347
1,0.11645906967659947,0.09982205972279953,0.09982205972279953,0.024955514930699883,0.3242048321354215,0.33473646381168004
1,0.0884369737596502,0.11791596501286693,0.058957982506433464,0.13756862584834476,0.29508446295824503,0.30203598991445957
1,0.13728736639665323,0.04576245546555108,0.13728736639665323,0.05491494655866129,0.3651114969873797,0.2596363681951014
1,0.15345182962050147,0.07221262570376541,0.08123920391673607,0.06318604749079473,0.30333232349656764,0.32657796977163467
1,0.06539516533719208,0.17438710756584558,0.043596776891461395,0.1634879133429802,0.2726792611481979,0.2804537757143228
1,0.10664072232631774,0.22394551688526726,0.06398443339579064,0.0426562889305271,0.2180657820457243,0.34470725641637306
1,0.11998676069351717,0.03428193162671919,0.13712772650687677,0.059993380346758586,0.2947938611520549,0.3538163396740733
1,0.04729252938504957,0.1418775881551487,0.07566804701607932,0.12296057640112888,0.3252900411147043,0.28691121792788915
1,0.11454920810555538,0.0736387766392856,0.09818503551904745,0.049092517759523724,0.35967664884344946,0.3048578131331383
1,0.06027690452524948,0.13059995980470723,0.03013845226262474,0.1908768643299567,0.2698984061725284,0.31820941290493343
1,0.18335678327040492,0.0772028561138547,0.0772028561138547,0.05790214208539102,0.30019353461408554,0.3041418278024091
1,0.11262831531603151,0.17832816591704992,0.03754277177201051,0.05631415765801576,0.2989215021379924,0.3162650871988999
1,0.12934643855869615,0.05543418795372691,0.11086837590745383,0.08315128193059038,0.30686057479100204,0.31433914085853076
1,0.13294700783069635,0.0620419369876583,0.1240838739753166,0.044315669276898784,0.3347300718060943,0.3018814401233357
1,0.1160605606420023,0.14771344081709384,0.042203840233455386,0.12661152070036613,0.24833812563287594,0.31907251197420644
1,0.00935004721949167,0.14025070829237504,0.0654503305364417,0.16830084995085007,0.2815756736402703,0.3350723903605713
1,0.14292838197674787,0.10209170141196276,0.061255020847177655,0.11230087155315904,0.29084595375188105,0.29057807045907164
1,0.14479405606866383,0.04258648707901878,0.10220756898964506,0.05962108191062629,0.369839439605653,0.28095136634639306
1,0.09088256159074234,0.09088256159074234,0.08179430543166812,0.1090590739088908,0.30004778110052216,0.3273337163774344
1,0.12179818941261093,0.08432182343949989,0.09369091493277765,0.08432182343949989,0.25500300545957044,0.3608642433160414
1,0.09564632014834067,0.15941053358056778,0.05313684452685592,0.1275284268644542,0.28214725702625637,0.28213061785352495
1,0.10814834508686513,0.03932667094067823,0.12781168055720424,0.12781168055720424,0.24233109127105487,0.35457053158699325
1,0.08174808414158385,0.12262212621237578,0.05109255258848991,0.1634961682831677,0.2819691194304959,0.2990719493438869
1,0.1589657453133789,0.07480740955923713,0.08415833575414178,0.06545648336433249,0.2922052345265552,0.32440679148235463
1,0.11373001754944899,0.07582001169963266,0.10425251608699491,0.09477501462454083,0.3270133157780498,0.28440912426133275
1,0.08504145166108748,0.13819235894926715,0.0318905443729078,0.18071308477981088,0.24810783148886345,0.3160547287480631
1,0.07042196846846427,0.08802746058558034,0.08802746058558034,0.11443569876125444,0.29940997915259415,0.3396774324465264
1,0.18715914895340788,0.008507234043336722,0.11910127660671412,0.03402893617334689,0.29566798440961994,0.3555354198135745
1,0.0626606190511417,0.05370910204383574,0.15217578912420127,0.09846668708036554,0.3688058256887895,0.26418197701166624
1,0.1530966475029472,0.03602274058892876,0.10806822176678625,0.07204548117785751,0.33167112836337304,0.2990957806001072
1,0.04284423975946932,0.1071105993986733,0.1071105993986733,0.1820880189777446,0.24991408991793487,0.31093245254750446
1,0.15429215650630035,0.03857303912657509,0.09257529390378022,0.030858431301260075,0.3341739790389356,0.3495271001231487
1,0.06500514411683757,0.04643224579774111,0.14858318655277156,0.1207238390741269,0.29365120722970967,0.3256043772288132
1,0.10528803475528609,0.04785819761603913,0.09571639523207826,0.14357459284811738,0.2736370935192889,0.33392568602919015
1,0.05509365338078675,0.220374613523147,0.0661123840569441,0.1101873067615735,0.27920342540248927,0.2690286168750595
1,0.08861372119346543,0.12799759727945006,0.08861372119346543,0.09845969021496159,0.29579238252688034,0.30052288759177703
1,0.1315297614658682,0.03757993184739092,0.09394982961847728,0.12213477850402048,0.2797923644132029,0.3350133341510401
1,0.0941289158280842,0.1317804821593179,0.0470644579140421,0.11295469899370104,0.29880110218570805,0.31527034291914663
1,0.12088648823019499,0.15110811028774374,0.060443244115097494,0.08059099215346333,0.27605241289646715,0.3109187523170333
1,0.09543445471488236,0.02385861367872059,0.12724593961984315,0.07952871226240198,0.33929174432519044,0.3346405353989614
1,0.10475488777576435,0.1257058653309172,0.05237744388788217,0.14665684288607012,0.25945275034458093,0.31105220977478526
1,0.13152842447099497,0.14164599558414842,0.060705426678920746,0.08094056890522768,0.3142533584568758,0.27092622590383253
1,0.07432113113162565,0.06503098974017245,0.12077183808889169,0.12077183808889169,0.3210081372725508,0.2980960656778677
1,0.08762424909644811,0.12048334250761615,0.054765155685280065,0.1862015293299522,0.22648506157717052,0.3244406618035329
1,0.17668370384613416,0.11778913589742276,0.05889456794871138,0.12956804948716505,0.2617437112817312,0.25532083153883545
1,0.11412765767276728,0.10461701953337002,0.09510638139397275,0.0760851051151782,0.27295852516601066,0.3371053111187012
1,0.07707030428532036,0.11560545642798052,0.04816894017832522,0.1541406085706407,0.25271460412527097,0.3523000864124622
1,0.10215688722305519,0.025539221805763797,0.1106699611583098,0.1106699611583098,0.3077786207597301,0.34318534789483135
1,0.14569671495841785,0.13528980674710228,0.07284835747920893,0.07284835747920893,0.29623452659261984,0.2770822367434422
1,0.09407796336445799,0.12935719962612974,0.047038981682228996,0.21167541757003047,0.25024631180133755,0.2676041259558154
1,0.06471571626519737,0.12943143253039474,0.05547061394159774,0.12943143253039474,0.2828740916992922,0.33807671303312326
1,0.10067998719867018,0.18122397695760634,0.04027199487946807,0.09061198847880317,0.27311243223146375,0.3140996202539885
1,0.07962646676899382,0.044236925982774344,0.1681003187345425,0.07077908157243895,0.3650546583618115,0.2722025485794388
1,0.08973804089123104,0.14956340148538505,0.04985446716179502,0.11965072118830805,0.29400014042930567,0.29719322884397514
1,0.07804947052833497,0.1951236763208374,0.039024735264167484,0.08780565434437684,0.29345848772598876,0.30653797581629455
1,0.07021845128076797,0.14043690256153593,0.03009362197747198,0.17053052453900788,0.2423961129068304,0.3463243867343858
1,0.05077326153592993,0.11170117537904585,0.11170117537904585,0.14216513230060382,0.2671808043315601,0.3164784510738145
1,0.10161269156815002,0.05806439518180001,0.10161269156815002,0.036290246988625,0.3580145909217315,0.34440538377154345
1,0.06118663757765443,0.04370474112689602,0.12237327515530887,0.13111422338068807,0.278353266039274,0.36326785672017853
1,0.06320075865303451,0.16853535640809206,0.07373421842854028,0.12640151730606902,0.26487201968226703,0.30325612952199704
1,0.10123705695567173,0.03374568565189058,0.12654632119458967,0.08436421412972644,0.3342784851016653,0.3198282369664563
1,0.1414242039634663,0.08485452237807979,0.08485452237807979,0.07542624211384871,0.29460853514495344,0.318831974021572
1,0.13224553026702687,0.04408184342234229,0.11461279289808997,0.07053094947574767,0.3454522123021146,0.2930766716346787
1,0.03633254050682846,0.11808075664719249,0.05449881076024268,0.16349643228072808,0.3039384650118379,0.32365299479317033
1,0.13298094004787908,0.06137581848363649,0.13298094004787908,0.09206372772545474,0.29612348645662845,0.2844750872385223
1,0.11964383878621598,0.15227397663700218,0.0435068504677149,0.1305205514031447,0.2604432999166322,0.2936114827892901
1,0.08624950100158173,0.1401554391275703,0.05390593812598858,0.16171781437796573,0.26023673713928863,0.29773457022760497
1,0.1703972516425575,0.113598167761705,0.045439267104682005,0.136317801314046,0.3172338406454122,0.21701367153159717
1,0.09478261744682742,0.06031621110252654,0.12063242220505307,0.07754941427467697,0.28799933051447674,0.35872000445643926
1,0.03539398026790879,0.08848495066977198,0.05309097040186318,0.18581839640652117,0.306444792881507,0.3307669093724278
1,0.03914494534146523,0.03914494534146523,0.06524157556910873,0.39144945341465237,0.23480862484651177,0.23021045548679667
1,0.07124891450667907,0.11196257993906711,0.050892081790485044,0.18321149444574616,0.2545671512373338,0.3281177780806888
1,0.11885275989533166,0.05093689709799928,0.1103632770456651,0.06791586279733237,0.3535761875437805,0.2983550156198912
1,0.11720459613266739,0.1278595594174553,0.06392977970872765,0.1278595594174553,0.26313001162857963,0.3000164936951148
1,0.07839130859525374,0.04355072699736319,0.16549276258998014,0.0696811631957811,0.2738096807550294,0.3690743578665925
1,0.11931287327878158,0.0867729987482048,0.0759263739046792,0.16269937265288398,0.25177975578336204,0.3035086256320884
1,0.059880841314422235,0.05132643541236191,0.16253371213914608,0.07698965311854288,0.27698359752728746,0.3722857604882394
1,0.05777492873046428,0.15406647661457143,0.04814577394205357,0.13480816703775,0.2906980260907655,0.3145066275843952
1,0.06957759605371863,0.13915519210743726,0.05963793947461596,0.13915519210743726,0.3486535829271113,0.24382049732967967
1,0.10736906413989043,0.07433242901992414,0.10736906413989043,0.04955495267994942,0.3388369490504915,0.322537540969854
1,0.13026753138272254,0.009304823670194466,0.12096270771252807,0.12096270771252807,0.27817425996840023,0.34032796955362676
1,0.09322602226358158,0.12430136301810876,0.06215068150905438,0.14501825685446024,0.27297123203398743,0.3023324443208076
1,0.1340382265924293,0.10531574946548018,0.03829663616926552,0.11488990850779654,0.26492833374426594,0.34253114552076264
1,0.08850372508941749,0.1278387140180475,0.07866997785726,0.1081712195537325,0.3361576342005481,0.26065872928099454
1,0.08369040675471137,0.1487829453417091,0.08369040675471137,0.06509253858699775,0.37584742345564537,0.24289627910622516
1,0.06367099443717462,0.1910129833115239,0.021223664812391543,0.15917748609293655,0.24907301595588127,0.3158418553900921
1,0.06069198482467157,0.13872453674210644,0.04335141773190826,0.11271368610296148,0.2826513385536678,0.36186703604468445
1,0.10416503826082747,0.11363458719362995,0.06628684252961747,0.10416503826082747,0.30307808913547707,0.30867040461962064
1,0.06414415240356372,0.11912485446376118,0.03665380137346498,0.15577865583722614,0.2552076401303644,0.36909089579161947
1,0.037247524571616245,0.12105445485775279,0.0465594057145203,0.17692574171517716,0.28351327999580306,0.3346995931451304
1,0.15105680115505055,0.06713635606891136,0.07552840057752527,0.05035226705168351,0.2999106575122475,0.35601551763458195
1,0.09752117096383495,0.030006514142718446,0.16503582778495146,0.015003257071359223,0.3057066047759449,0.3867266252611911
1,0.11353432300323617,0.06113386623251178,0.10480091354144876,0.07860068515608658,0.3354128007002881,0.3065174113664285
1,0.16571448489316257,0.13020423813034201,0.04734699568376073,0.14204098705128218,0.21999306946148633,0.2947002247799662
1,0.06463107026395391,0.05539806022624621,0.1569611706410309,0.10156311041478472,0.29315985412015294,0.3282867343338312
1,0.15107899904533353,0.05665462464200007,0.09442437440333346,0.08498193696300012,0.27286561824967337,0.33999444669665946
1,0.10214231801693495,0.04255929917372289,0.12767789752116868,0.07660673851270121,0.3122105924046513,0.3388031543708208
1,0.11131467945303705,0.03478583732907408,0.1252290143846667,0.013914334931629632,0.3627919044527903,0.3519642294488022
1,0.06872537487835739,0.09817910696908198,0.05890746418144919,0.17672239254434757,0.304679538171389,0.292786123255375
1,0.14550656493569675,0.04547080154240523,0.08184744277632941,0.10003576339329151,0.3085757305107888,0.3185636968414884
1,0.15144925891308364,0.03985506813502201,0.08768114989704842,0.04782608176202641,0.34440866435166173,0.32877977694115784
1,0.08658641080350535,0.22728932835920154,0.0324699040513145,0.09740971215394352,0.26915615193726666,0.28708849269476844
1,0.08646578574835473,0.17293157149670946,0.021616446437088682,0.1621233482781651,0.2745176924609967,0.28234515557868517
1,0.12658425124635578,0.02712519669564766,0.12658425124635578,0.09041732231882554,0.26252838009825524,0.36676059839456004
1,0.13667990046069886,0.08786565029616354,0.07810280026325649,0.0976285003290706,0.2728249864893464,0.3268981621614641
1,0.1620331493590484,0.06301289141740772,0.0990202579416407,0.04500920815529122,0.307333335147034,0.32359115797957805
1,0.05351750317922508,0.12487417408485854,0.07135667090563345,0.11595459022165436,0.2951065079081514,0.33919055370047724
1,0.0728477262384807,0.11837755513753112,0.0728477262384807,0.10927158935772102,0.2971178167907084,0.3295375862370779
1,0.08724830511758877,0.13571958573847143,0.03877702449670612,0.13571958573847143,0.24036283410276377,0.36217266480599863
1,0.16395549967118597,0.036434555482485774,0.12752094418870022,0.04554319435310722,0.2775745798189193,0.3489712264856014
1,0.11217684562640194,0.06040291687575489,0.06903190500086273,0.11217684562640194,0.30470864160409894,0.3415028452664796
1,0.11654458721473548,0.024973840117443316,0.11654458721473548,0.08324613372481106,0.3527165937754912,0.3059742579527835
1,0.01909939147469737,0.14324543606023024,0.028649087212046048,0.20054361048432234,0.27574366653756516,0.3327188082311389
1,0.07371203362514721,0.1895452293218071,0.03159087155363451,0.13689377673241623,0.25983887792646976,0.3084192108405252
1,0.08164577761131826,0.061234333208488693,0.08164577761131826,0.19390872182688088,0.24437534045887022,0.3371900492831238
1,0.1253210747368065,0.06266053736840325,0.11636956939846319,0.06266053736840325,0.35845067557686755,0.2745376055510562
1,0.06241719961669092,0.09808417082622858,0.06241719961669092,0.14266788483815068,0.32405535985030404,0.310358185251935
1,0.08464439373088734,0.10580549216360915,0.06348329529816549,0.17986933667813557,0.28809574370546537,0.2781017384237371
1,0.1275771280262983,0.22963883044733693,0.02551542560525966,0.14033484082892814,0.25123881476731014,0.2256949603248669
1,0.09475108775250397,0.1263347836700053,0.08422318911333687,0.1263347836700053,0.24402059962911085,0.32433555616503773
1,0.14976361084026596,0.1612838885972095,0.04608111102777414,0.11520277756943534,0.2546707162588822,0.27299789570643285
1,0.13896942592527123,0.03474235648131781,0.12159824768461232,0.06079912384230616,0.34923587824551766,0.2946549678209747
1,0.052168072590513946,0.14607060325343907,0.031300843554308365,0.19823867584395302,0.28410286607079244,0.28811893868699323
1,0.04716608582452919,0.14149825747358757,0.06603252015434087,0.13206504030868174,0.3052326185456713,0.3080054776931894
1,0.11887164539473057,0.042454159069546624,0.11038081358082123,0.07641748632518393,0.35841011527223526,0.29346578035748233
1,0.0815523665716791,0.090613740635199,0.0815523665716791,0.1177978628257587,0.2680905315975897,0.36039313179809435
1,0.12101674359986009,0.0432202655713786,0.1296607967141358,0.060508371799930044,0.3354544189013085,0.31013940341338697
1,0.0678955176186521,0.07759487727845955,0.09699359659807444,0.1551897545569191,0.28867674924394976,0.31364950470394504
1,0.10800910334008199,0.19441638601214759,0.05400455167004099,0.08640728267206559,0.27662506170848267,0.28053761459718135
1,0.13056639157481895,0.09039211724410542,0.08034854866142704,0.11047925440946219,0.30641923401067495,0.28179445409951137
1,0.08923856429825491,0.1561674875219461,0.05577410268640932,0.1561674875219461,0.2857119221687325,0.25694043580271114
1,0.1501354495311554,0.02502257492185923,0.11677201630200976,0.05004514984371846,0.28736362630951,0.37066118309174717
1,0.0974766682048566,0.05686138978616636,0.11372277957233272,0.06498444546990441,0.29060066689170044,0.37635405007503947
1,0.07743452203515343,0.12583109830712433,0.019358630508788357,0.17422767457909522,0.30237423730565716,0.30077383726418166
1,0.043658139334452915,0.043658139334452915,0.1964616270050381,0.16371802250419842,0.2611255746501083,0.29137849717174924
1,0.11776049709683178,0.0271754993300381,0.14493599642686988,0.08152649799011431,0.32019696216870464,0.3084045469874413
1,0.14613599057767893,0.03845683962570498,0.08460504717655096,0.04614820755084597,0.3220628366127348,0.36259107845648436
1,0.03015586507525313,0.11057150527592816,0.0904675952257594,0.1809351904515188,0.2926929238646213,0.2951769201069191
1,0.11859841196782454,0.0444744044879342,0.08153640822787939,0.05929920598391227,0.2935680114525024,0.40252355787994726
1,0.10630336211795771,0.05724027190966954,0.11448054381933909,0.05724027190966954,0.2817582715737218,0.3829772786696422
1,0.08144556201904793,0.06108417151428594,0.15271042878571486,0.12216834302857188,0.3170086984766782,0.2655827961757012
1,0.13045381086696825,0.06087844507125185,0.09566612796911005,0.0695753657957164,0.2817188675437738,0.36170738275317976
1,0.0647774225871455,0.07287460041053868,0.1214576673508978,0.07287460041053868,0.35383365882982365,0.3141820504110557
1,0.09123224808514736,0.10136916453905262,0.060821498723431566,0.16219066326248419,0.2882420440504062,0.29614438133947807
1,0.16338352781906673,0.024507529172860008,0.07352258751858003,0.07352258751858003,0.2811126363761663,0.3839511315947468
1,0.0509550913391745,0.17324731055319328,0.0611461096070094,0.1324832374818537,0.31216495109772363,0.2700032999210456
1,0.10750932221983966,0.04961968717838753,0.11577927008290426,0.06615958290451672,0.3183818714881261,0.34255026612622586
1,0.1501773016868859,0.10324689490973404,0.07508865084344295,0.0563164881325822,0.34919311508479994,0.26597754934255496
1,0.12471570164283563,0.07674812408789886,0.0863416395988862,0.10552867062086092,0.3235975583186517,0.2830683057308665
1,0.09594910907958677,0.036903503492148756,0.12547191187330575,0.044284204190578505,0.3534829265176356,0.3439083448467446
1,0.09633415920897948,0.09633415920897948,0.0856303637413151,0.1605569320149658,0.26247399438301405,0.2986703914427461
1,0.13580320006761934,0.016975400008452417,0.11882780005916693,0.07638930003803589,0.3234392408636397,0.3285650589630857
1,0.10208536837674993,0.16588872361221865,0.1276067104709374,0.1276067104709374,0.25241058868388777,0.22440189838526875
1,0.09656742400147152,0.15021599289117793,0.03218914133382384,0.1609457066691192,0.23361663657761791,0.3264650985267896
1,0.12019783187215927,0.08814507670625014,0.08814507670625014,0.03205275516590914,0.3259118264084056,0.3455474331410257
1,0.13240239705445253,0.1805487232560716,0.02407316310080955,0.15647556015526207,0.24424465746117718,0.26225549897222705
1,0.11273125192004091,0.028182812980010227,0.12212552291337765,0.12212552291337765,0.3009858913827252,0.31384899789046844
1,0.14871854992039416,0.06609713329795296,0.049572849973464714,0.07435927496019708,0.2829772212962928,0.37827497055169823
1,0.1052393673787493,0.12628724085449916,0.06314362042724958,0.1368111775923741,0.2845950522764176,0.28392354147071025
1,0.12957753243621717,0.10798127703018098,0.08638502162414478,0.11877940473319909,0.25461296598974714,0.3026637981865106
1,0.09380270846169672,0.1354928011113397,0.08338018529928597,0.11464775478651822,0.2995427983320993,0.2731337520090601
1,0.08711974474169457,0.18512945757610094,0.09800971283440638,0.07622977664898274,0.2719961577100166,0.2815151504887988
1,0.12910292188205302,0.1643128096680675,0.03520988778601446,0.15257618040606266,0.2570351703598286,0.2617630298979738
1,0.09127474615021984,0.10040222076524183,0.10040222076524183,0.08214727153519785,0.2988744432878032,0.32689909749629537
1,0.1477411579531651,0.15910586241110086,0.03409411337380732,0.12501174903729353,0.2535639767537056,0.2804831404709276
1,0.12888101522307652,0.008055063451442282,0.11277088832019196,0.08055063451442282,0.3279726920064783,0.34176970648438815
1,0.11946187706901876,0.06968609495692762,0.08959640780176407,0.129417033491437,0.277023543046027,0.31481504363482565
1,0.08146067268254933,0.07127808859723067,0.14255617719446134,0.12219100902382399,0.25430501715253784,0.3282090353493967
1,0.09286698671660915,0.03869457779858715,0.11608373339576145,0.06965024003745687,0.3359450171613953,0.34675944489019
1,0.09750945149376479,0.0650063009958432,0.08125787624480399,0.0893836638692844,0.36128438728243495,0.30555832011386874
1,0.024212372917373038,0.1210618645868652,0.09684949166949215,0.08877870069703449,0.3819368819509482,0.28716068817828705
1,0.10810158244650966,0.03860770801661059,0.10038004084318754,0.06949387442989907,0.3414645701683891,0.34195222409540416
1,0.0963444092888841,0.12524773207554935,0.03853776371555364,0.13488217300443775,0.2704339031234062,0.33455401879216884
1,0.05091805147056774,0.11201971323524905,0.09165249264702194,0.1629377647058168,0.31447232978134404,0.26799964816000055
1,0.1190203017289936,0.03173874712773163,0.12695498851092651,0.047608120691597436,0.30588106555931693,0.3687967763814339
1,0.14261690384531256,0.044567782451660175,0.14261690384531256,0.03565422596132814,0.3769599705619053,0.2575842133344812
1,0.06979821666532636,0.15953878094931737,0.06979821666532636,0.1096829119026557,0.293329302922371,0.2978525708950033
1,0.0778558453058348,0.21132300868726586,0.0778558453058348,0.08897810892095405,0.2900512053389248,0.25393598644118565
1,0.13941388230740293,0.032803266425271274,0.10661061588213165,0.05740571624422473,0.33196734402705086,0.33179917511391854
1,0.06718176792053622,0.057584372503316744,0.14396093125829187,0.12476614042385296,0.34265193140438005,0.26385485648962204
1,0.08768243124762659,0.11398716062191457,0.07891418812286394,0.07891418812286394,0.31066096398089543,0.32984106790383555
1,0.09018819123210453,0.07014637095830353,0.11023001150590554,0.14029274191660707,0.28854503055173136,0.30059765383534787
1,0.056925990277868745,0.15180264074098335,0.03795066018524584,0.14231497569467189,0.30007091866033525,0.310934814440895
1,0.08187321825389753,0.12735833950606282,0.09097024250433057,0.07277619400346447,0.34488922361440366,0.2821327821178408
1,0.09089894632983482,0.04958124345263717,0.10742602748071388,0.09089894632983482,0.32659030474409784,0.33460453166288145
1,0.08941990408239384,0.22993689621186983,0.012774272011770548,0.1916140801765582,0.25214921684209257,0.22410563067531505
1,0.09637314678484986,0.09637314678484986,0.11564777614181983,0.08673583210636487,0.3427165173655239,0.26215358081659174
1,0.13664463525912066,0.11387052938260056,0.07970937056782039,0.13664463525912066,0.23662376059340884,0.296507068937929
1,0.09718679764247407,0.017670326844086193,0.12369228790860336,0.12369228790860336,0.3146458612852459,0.3231124384109873
1,0.07504337225994423,0.10839598215325279,0.05002891483996282,0.10839598215325279,0.31772343158914396,0.3404123170044433
1,0.05751307364495469,0.14378268411238673,0.05751307364495469,0.13419717183822763,0.26075714797071087,0.34623684878876526
1,0.1138914648749665,0.05694573243748325,0.12338242028121371,0.09490955406247208,0.32368154189906845,0.2871892864447961
1,0.11034045758634986,0.03940730628083923,0.102458996330182,0.07093315130551062,0.32424051805711773,0.3526195704400006
1,0.14058110037024477,0.07569751558397796,0.10813930797711135,0.1189532387748225,0.23529498915486996,0.32133384813897364
1,0.15632405408741432,0.08793228042417055,0.06839177366324377,0.08793228042417055,0.28043627894529466,0.3189833324557061
