1,0.1320587591930046,0.1430636557924217,0.0660293795965023,0.11004896599417052,0.22283967646126404,0.32595956296263673
1,0.046201880046217475,0.09240376009243495,0.12012488812016545,0.12012488812016545,0.29349617937648526,0.3276484042445315
1,0.1140920974819025,0.061434206336409045,0.08776315190915576,0.09653946710007134,0.3142961846467016,0.32587489252575974
1,0.11813952190433716,0.10970098462545592,0.07594683550993102,0.042192686394406126,0.34292447343283206,0.3110954981330376
1,0.1453741457106174,0.04038170714183816,0.09691609714041159,0.048458048570205796,0.35953223642670007,0.3093377650102269
1,0.10622482298394735,0.07966861723796052,0.1239289601479386,0.053112411491973675,0.3264689549136448,0.31059623322453506
1,0.12002285098611447,0.07715754706250215,0.09430366863194709,0.060011425493057234,0.37834648234978985,0.2701580254765892
1,0.06806053273211413,0.08507566591514266,0.04253783295757133,0.1531361986472568,0.2790429849778513,0.3721467847700639
1,0.08416866159635289,0.0757517954367176,0.11783612623489406,0.06733492927708232,0.31871353416334464,0.3361949532916084
1,0.12764396647974358,0.10636997206645299,0.06382198323987179,0.1382809636863889,0.27222220384126633,0.2916609106862763
1,0.1332882009972464,0.028561757356552794,0.1332882009972464,0.09520585785517599,0.2851681269834495,0.3244878558103291
1,0.08403879824393684,0.13072701949056845,0.06536350974528422,0.10271408674258949,0.3631680476717749,0.25398853810584604
1,0.03149767401535859,0.12599069606143437,0.05249612335893099,0.22048371810751016,0.3038437784345661,0.26568801002219994
1,0.04882946102154615,0.12695659865602002,0.04882946102154615,0.17578605967756616,0.2922752890911309,0.3073231305321907
1,0.1324713447549261,0.1236399217712644,0.044157114918308704,0.0618199608856322,0.33695116457831575,0.3009604930915527
1,0.05779171141417367,0.14447927853543419,0.03852780760944911,0.15411123043779645,0.21908340807142587,0.38600656393172067
1,0.04116267936504532,0.14406937777765863,0.02058133968252266,0.21610406666648793,0.28540605180385203,0.29267648470443336
1,0.12029842604180777,0.04296372358635991,0.10311293660726378,0.08592744717271981,0.32106502967117545,0.32663243692067334
1,0.0924706705809148,0.15411778430152465,0.07192163267404485,0.10274518953434977,0.3313435405020784,0.24740118240708767
1,0.12104896151504659,0.043231771969659494,0.11240260712111468,0.07781718954538709,0.35511577722479887,0.29038369262399344
1,0.13383559089581928,0.08603716557588381,0.06691779544790964,0.10515653570385801,0.25280192756098974,0.35525098481553946
1,0.11414035982237727,0.13489315251735495,0.04150558538995537,0.13489315251735495,0.2731309500648182,0.30143679968813925
1,0.03537716058565702,0.1326643521962138,0.07075432117131404,0.12382006204979958,0.2680914056567873,0.36929269834022826
1,0.13440713542321459,0.06720356771160729,0.10080535156741094,0.04200222981975456,0.3340676613322328,0.3215140541457798
1,0.12354666209075237,0.05294856946746529,0.10589713893493058,0.07942285420119793,0.283848081006512,0.3543366942991417
1,0.05304237110391711,0.08486779376626738,0.0954762679870508,0.20156101019488504,0.25608895040463814,0.3089636065432415
1,0.11512510155874066,0.07400899385919042,0.10690188001883061,0.04111610769955023,0.3318784835802175,0.3309694332834707
1,0.12871439158600864,0.034323837756268974,0.11155247270787416,0.07722863495160519,0.31037698543680636,0.33780367756143664
1,0.12574277943704956,0.22862323534009008,0.03429348530101351,0.08001813236903153,0.2511704381680209,0.28015192938479455
1,0.12050381407912718,0.00926952415993286,0.12977333823906004,0.12050381407912718,0.28479962839548745,0.3351498810472653
1,0.11613605889730627,0.04977259667027411,0.08295432778379018,0.09124976056216921,0.2904869609563417,0.3694002951301185
1,0.08782904828745074,0.16467946553897014,0.04391452414372537,0.1537008345030388,0.25047970896601573,0.29939641856079924
1,0.02734952083900433,0.082048562517013,0.10939808335601732,0.1549806180876912,0.26106742624616874,0.3651557889541055
1,0.09301154382361784,0.1756884716668337,0.020669231960803967,0.1343500077452258,0.285773327812208,0.29050741699131066
1,0.12523707950804747,0.03913658734626483,0.10175512710028856,0.05479122228477077,0.30251327935071776,0.37656670440991075
1,0.05362264006797397,0.15014339219032716,0.042898112054379184,0.1930415042447063,0.2547374188741715,0.30555693256844196
1,0.07019853811003286,0.1203403510457706,0.07019853811003286,0.15042543880721326,0.27421957683578563,0.3146175570911648
1,0.12310283041614309,0.04734724246774734,0.1136333819225936,0.10416393342904415,0.26222568449118094,0.3495269272732908
1,0.04625162320278928,0.064752272483905,0.12950454496781,0.13875486960836783,0.3219463086505513,0.29879038108657674
1,0.1321248054030455,0.11010400450253793,0.06606240270152275,0.1431352058532993,0.24715718590477478,0.30141639563481987
1,0.09860597493770626,0.017928359079582956,0.17031941125603808,0.0806776158581233,0.2974870453353679,0.3349815935331815
1,0.14547214051471627,0.02567155420847934,0.11124340157007714,0.06845747788927825,0.33371555238443007,0.3154398734330189
1,0.051367387776469764,0.1541021633294093,0.051367387776469764,0.26967878582646626,0.23182808803529265,0.2416561872558923
1,0.09031625443420171,0.15052709072366952,0.050175696907889845,0.12042167257893562,0.2485373568507441,0.34002192850455915
1,0.06526589122889374,0.04661849373492409,0.17715027619271156,0.09323698746984818,0.3096818625887964,0.30804648878482604
1,0.13513777512291017,0.03378444378072754,0.09290722039700075,0.08446110945181885,0.329356187232016,0.3243532640155267
1,0.13057135377261342,0.07834281226356805,0.07834281226356805,0.06963805534539383,0.36168409662392476,0.28142086973093183
1,0.1303505494495851,0.1303505494495851,0.04010786136910311,0.11029661876503355,0.2844445749369621,0.3044498460297311
1,0.14751794222266024,0.14751794222266024,0.03404260205138313,0.13617040820553253,0.2504326883043995,0.28431841699336446
1,0.10855259520545309,0.0584513974183209,0.08350199631188698,0.0918521959430757,0.3489261744299388,0.3087156406913245
1,0.10264565531335645,0.12317478637602775,0.04105826212534259,0.15396848297003468,0.25460801815869755,0.32454479505654105
1,0.10965027097463988,0.12061529807210386,0.05482513548731994,0.1644754064619598,0.27608837791263036,0.27434551109134614
1,0.10299245749200085,0.06007893353700051,0.07724434311900065,0.11157516228300093,0.3088567323179372,0.3392523712510599
1,0.10269114281423575,0.06534890906360456,0.12136225968955133,0.09335558437657794,0.28747479976338114,0.32976730429264944
1,0.059583309684885406,0.14299994324372498,0.023833323873954163,0.2621665626134958,0.23299373075738847,0.2784231298265512
1,0.1041038113913785,0.06072722331163747,0.12145444662327494,0.06940254092758567,0.368789762239505,0.27552221550661854
1,0.10023508772469472,0.05467368421346984,0.09112280702244974,0.12757192983142965,0.26094647232162266,0.3654500188863333
1,0.04047675897878684,0.1113110871916638,0.06071513846818025,0.20238379489393418,0.28474692186811396,0.30036629859932085
1,0.111690234284094,0.10052121085568459,0.0893521874272752,0.15636632799773162,0.28994232261745734,0.25212771681775703
1,0.14728381047526978,0.023255338496095228,0.09302135398438091,0.05426245649088887,0.33633679877893347,0.3458402417744317
1,0.12772710288365752,0.025545420576731506,0.12772710288365752,0.06812112153795069,0.31428365059927127,0.3365956015187316
1,0.06715185736417448,0.03357592868208724,0.14269769689887077,0.1007277860462617,0.3890418006253811,0.2668049303832248
1,0.11826277565996006,0.12811800696495676,0.07884185043997338,0.07884185043997338,0.24008335104061823,0.35585216545451825
1,0.11410325998525792,0.09654891229521824,0.07021739076015872,0.07899456460517856,0.30135144893587623,0.33878442341831044
1,0.15197832702290487,0.030395665404580975,0.09878591256488817,0.030395665404580975,0.336844849707733,0.351599579895312
1,0.1126318035941875,0.03754393453139583,0.09761422978162916,0.06007029525023333,0.3289041638970957,0.36323557294545844
1,0.10290533531395704,0.13377693590814416,0.04116213412558282,0.14406746943953985,0.24051802025107916,0.3375701049616971
1,0.06347904845893994,0.15869762114734984,0.02115968281964665,0.19043714537681983,0.23126921756607258,0.3349572846311711
1,0.09084597781749083,0.11562215358589742,0.07432852730521977,0.05781107679294871,0.30345258739294606,0.35793967710549723
1,0.05927073262451018,0.06914918806192855,0.1580552869986938,0.11854146524902036,0.26982318783642245,0.32516013922942477
1,0.05118709802250868,0.05118709802250868,0.13649892806002317,0.11090537904876882,0.32590400162608074,0.32431749522011005
1,0.10216495110119189,0.12259794132143026,0.051082475550595946,0.14303093154166865,0.24117773331566142,0.3399459671694518
1,0.07357922500514676,0.08175469445016306,0.07357922500514676,0.10628110278521198,0.25920735978506015,0.4055983929692712
1,0.0493802154833292,0.12838856025665593,0.03950417238666336,0.18764481883665096,0.2389499804248442,0.3561322526118565
1,0.09462339988809797,0.12301041985452738,0.047311699944048984,0.12301041985452738,0.27068914469626204,0.34135491576253635
1,0.13127480646695625,0.024614026212554294,0.11486545565858672,0.06563740323347812,0.3558893660360764,0.3077189423923482
1,0.08830720951678339,0.05298432571007003,0.1324608142751751,0.08830720951678339,0.31205491668401697,0.32588552429717094
1,0.14592179148219384,0.12347228510031785,0.06734851914562791,0.12347228510031785,0.25222421544049944,0.2875609037310431
1,0.10693908545839391,0.10693908545839391,0.042775634183357565,0.18179644527926964,0.27014372223343225,0.29140602738715277
1,0.08219786017529765,0.07306476460026458,0.1369964336254961,0.08219786017529765,0.31623557239322414,0.30930750903041987
1,0.09482483212698621,0.04310219642135736,0.12068614997980062,0.09482483212698621,0.3130023916660838,0.3335595976787858
1,0.07899736836560553,0.14812006568551034,0.05924802627420414,0.11849605254840828,0.304723458683776,0.29041502844249584
1,0.10759318965227233,0.08803079153367735,0.09781199059297484,0.10759318965227233,0.2729791800032476,0.32599165856555573
1,0.10635465712938902,0.032724509885965855,0.13907916701535486,0.05726789230044024,0.3961161317235169,0.26845764194533317
1,0.16546734808463828,0.055155782694879425,0.09192630449146572,0.064348413144026,0.28516245093463394,0.3379397006503565
1,0.11847425391654193,0.11847425391654193,0.07898283594436128,0.08885569043740645,0.2605772126488183,0.3346357531363301
1,0.162218817603151,0.08588055049578583,0.07633826710736519,0.06679598371894453,0.29537100242290726,0.31339537865184613
1,0.02767689770239768,0.11070759080959072,0.05535379540479536,0.18451265134931788,0.30192288299246844,0.3198261817414299
1,0.1869376364291951,0.0424858264611807,0.07647448763012527,0.0424858264611807,0.3076553650291538,0.3439608579891644
1,0.06607206520965961,0.06607206520965961,0.12480278984046815,0.0440480434731064,0.3459888325876891,0.3530162036794171
1,0.04513026296202241,0.12636473629366277,0.03610421036961793,0.16246894666328068,0.2740035798631291,0.35592826384828724
1,0.11412764066051358,0.17119146099077037,0.022825528132102715,0.15977869692471902,0.27493940805003525,0.257137265241859
1,0.020112709891471712,0.21118345386045298,0.040225419782943424,0.140788969240302,0.2687888302568679,0.31890061696796196
1,0.12345933250017323,0.06647810211547789,0.12345933250017323,0.07597497384626045,0.358635055759619,0.2519932032782962
1,0.13341001141804443,0.03335250285451111,0.12507188570441663,0.05002875428176665,0.3406472093751986,0.3174896363660626
1,0.055118411391237944,0.12860962657955521,0.07349121518831726,0.11942322468101556,0.3155902671978785,0.3077672549619955
1,0.07647773830519083,0.1051568901696374,0.0860374555933397,0.12427632474593511,0.325646742054604,0.2824048491312931
1,0.13373058554027897,0.08596966213303647,0.07641747745158799,0.09552184681448497,0.2806044944150004,0.32775593364561123
1,0.08788587717479165,0.12084308111533854,0.07690014252794271,0.16478601970273435,0.26173749263159646,0.2878473868475963
1,0.10191588998383745,0.08338572816859427,0.08338572816859427,0.11118097089145902,0.2790343959962906,0.3410972867912245
1,0.03333395919420174,0.21111507489661102,0.0555565986570029,0.15555847623960814,0.2464892761994483,0.29794661481312773
1,0.0707709434372894,0.15333704411412705,0.04718062895819294,0.2123128303118682,0.23898237212980564,0.27741618104871696
1,0.08567678653450672,0.03427071461380269,0.1627858944155628,0.06854142922760538,0.33983453512021844,0.30889064008830414
1,0.1143169840486411,0.038105661349547036,0.1143169840486411,0.12384339938602787,0.32167963858208243,0.2877373325850604
1,0.11680413470398043,0.08176289429278631,0.10512372123358239,0.17520620205597065,0.2537725241043058,0.26733052360937454
1,0.11852232454292727,0.027351305663752445,0.1641078339825147,0.06381971321542237,0.32873958771334394,0.29745923488203924
1,0.12541286230014162,0.03583224637146903,0.11645480070727435,0.08958061592867257,0.3464942023456129,0.28622527234682965
1,0.11410569177104969,0.10532833086558432,0.0438868045273268,0.09655096996011897,0.315933223546176,0.3241949793297443
1,0.10072841392075822,0.06715227594717216,0.06715227594717216,0.10912244841415475,0.28196834086275213,0.37387624490799054
1,0.10336077606919783,0.15504116410379673,0.031008232820759346,0.13436900888995718,0.2637871573901333,0.31243366072615547
1,0.08363399599006816,0.1045424949875852,0.08363399599006816,0.1568137424813778,0.23757121090886246,0.3338045596420382
1,0.03855983529710136,0.16387930001268075,0.03855983529710136,0.15423934118840543,0.3054830857216833,0.29927860248302784
1,0.14540933580669466,0.048469778602231554,0.12602142436580205,0.07755164576357049,0.2921610418391518,0.31038677362254957
1,0.1177143256570049,0.09054948127461916,0.06338463689223342,0.09960442940208108,0.2829740081803039,0.34577311859375753
1,0.1513697137740981,0.007966827040742004,0.09560192448890405,0.07170144336667804,0.33281090723265533,0.3405491840969225
1,0.07072465288759351,0.11113874025193267,0.04041408736433915,0.19196691498061097,0.24025191701507218,0.34550368750045146
1,0.04835610192776484,0.13539708539774156,0.09671220385552969,0.11605464462663562,0.2924884163809423,0.31099154781138594
1,0.14876620214325798,0.023489400338409152,0.10961720157924272,0.039149000564015254,0.3104259472466764,0.3685522481283985
1,0.07297388482556443,0.14594776965112885,0.052124203446831725,0.15637261034049518,0.2820098779720995,0.2905716537638804
1,0.10534134614203612,0.05267067307101806,0.11411979165387248,0.08778445511836344,0.30350695171499237,0.33657678229971755
1,0.09169658022399958,0.1018850891377773,0.06113105348266638,0.1630161426204437,0.2887752629308569,0.29349587160425605
1,0.17665726538639673,0.052997179615919016,0.07949576942387854,0.052997179615919016,0.33900434004956764,0.2988482659083191
1,0.11786255424569389,0.10102504649630904,0.09260629262161663,0.03367501549876968,0.3058387341330376,0.34899235700457315
1,0.1199033280212183,0.1635045382107522,0.043601210189533925,0.1199033280212183,0.2645809093720929,0.28850668618518444
1,0.06987238638202253,0.043670241488764076,0.14847882106179786,0.09607453127528098,0.2999337063954264,0.3419703133967081
1,0.11270842727129607,0.0606891531460825,0.09536866922955822,0.08669879020868929,0.3329417256042046,0.3115932345401692
1,0.09785500582676468,0.16635350990549996,0.039142002330705875,0.09785500582676468,0.26986959523351906,0.3289248808767457
1,0.11870141706732211,0.0395671390224407,0.07122085024039326,0.09496113365385768,0.32744424099463876,0.34810521902134745
1,0.14666272228145907,0.020951817468779867,0.1257109048126792,0.13618681354706913,0.3039336267631103,0.26655411512690247
1,0.15070725171061738,0.10361123555104945,0.05651521939148151,0.07535362585530869,0.29424741075453437,0.3195652567370086
1,0.09215367474062434,0.14335016070763787,0.04095718877361082,0.14335016070763787,0.24256532831139888,0.3376234867590902
1,0.07318083230399655,0.16465687268399223,0.06403322826599699,0.07318083230399655,0.269432815308238,0.35551541913377965
1,0.09579318505545324,0.04789659252772662,0.13411045907763455,0.11495182206654389,0.24145662357662195,0.3657913176960197
1,0.11137121204662782,0.1299330807210658,0.07424747469775189,0.0649665403605329,0.3133910090574379,0.3060906831165839
1,0.11479307104739812,0.0883023623441524,0.09713259857856765,0.06181165364090669,0.30723522163352834,0.33072509275544665
1,0.08260614197430263,0.11014152263240351,0.11931998285177048,0.06424922153556872,0.3399492282646031,0.28373390274135146
1,0.08700166498561417,0.017400332997122833,0.1566029969741055,0.09570183148417559,0.3100152382239058,0.3332779353350761
1,0.02427808161270592,0.2185027345143533,0.03641712241905888,0.2185027345143533,0.28188625355077923,0.22041307338874935
1,0.09111581041420092,0.0809918314792897,0.10123978934911212,0.141735705088757,0.30470578682798155,0.28021107684065877
1,0.03826833518826638,0.12437208936186574,0.02870125139119978,0.2009087597383985,0.28862803072804954,0.31912153359222006
1,0.0790733128682177,0.10872580519379935,0.0790733128682177,0.138378297519381,0.3069652591710783,0.2877840123793059
1,0.07462549237008265,0.10261005200886365,0.07462549237008265,0.13059461164764463,0.2872097242014562,0.3303346274018703
1,0.10107119390168595,0.12128543268202313,0.050535596950842976,0.14149967146236034,0.2763391286791857,0.3092689763239019
1,0.05409373750822967,0.17309996002633496,0.04327499000658374,0.17309996002633496,0.26589548273531616,0.29053586969720063
1,0.12020832976612301,0.03698717838957631,0.1294551243635171,0.09246794597394077,0.3157654062515787,0.3051160152552641
1,0.06021364646917242,0.140498508428069,0.03010682323458621,0.18064093940751727,0.2716937929730862,0.3168462894875689
1,0.0609596495177355,0.034834085438705996,0.14804486311450046,0.11321077767579449,0.3160226623362924,0.32692796191697115
1,0.11509186493428929,0.041104237476531885,0.08220847495306377,0.09865016994367651,0.29891931394960736,0.3640259387428311
1,0.12453101419486756,0.04447536221245269,0.14232115907984863,0.05337043465494323,0.3070484543821386,0.3282535754757494
1,0.135492939722509,0.0729577367736587,0.05211266912404193,0.16676054119693418,0.2591417637559655,0.31353434942689073
1,0.09825160329471716,0.04093816803946549,0.10643923690261027,0.09006396968682408,0.31280988578062735,0.3514971362957557
1,0.1599000466004828,0.12792003728038623,0.021320006213397708,0.12792003728038623,0.24725804103960636,0.3156818315857407
1,0.10688268150690666,0.1662619490107437,0.035627560502302216,0.1781378025115111,0.2469117364613585,0.26617827000717786
1,0.07343242678893173,0.0897507438531388,0.06527326825682822,0.10606906091734584,0.25598581955320393,0.4094886806305513
1,0.17002805453077405,0.03000495079954836,0.12001980319819344,0.09001485239864508,0.2946716258321827,0.2952607132406563
1,0.12023030062157583,0.05152727169496107,0.12023030062157583,0.060115150310787915,0.3349014343920252,0.3129955423590741
1,0.080405326026666,0.12635122661333228,0.05743237573333286,0.2067565526399983,0.232260870699986,0.29679364828668453
1,0.1197191294632531,0.051308198341394176,0.12827049585348543,0.051308198341394176,0.32579767809168836,0.3235962999087847
1,0.08452294146364611,0.09508830914660187,0.052826838414778816,0.20074198597615953,0.2705678956354192,0.2962520293633945
1,0.12305925721082299,0.043949734718151064,0.09668941637993235,0.09668941637993235,0.33536543214328185,0.3042467431678794
1,0.10281676475267468,0.07477582891103612,0.08412280752491565,0.12151072198043371,0.3570590707939052,0.25971480603703473
1,0.0793664942851796,0.11904974142776938,0.0198416235712949,0.18849542392730154,0.2652896387307026,0.3279570780577519
1,0.11931409833953777,0.03408974238272507,0.11931409833953777,0.07670192036113141,0.30270994936979045,0.34787019120727763
1,0.055148358568284817,0.0735311447577131,0.1562536826101403,0.09191393094714137,0.3653814675873883,0.257771415529332
1,0.13547433847317458,0.13547433847317458,0.08336882367579974,0.07294772071632478,0.2962549537262021,0.2764798249353242
1,0.08302414110120915,0.08302414110120915,0.07379923653440813,0.13837356850201524,0.29404110836434927,0.327737804396809
1,0.08159693797142971,0.12692857017777956,0.0543979586476198,0.1087959172952396,0.309453458255202,0.31882715765272934
1,0.1580356625067331,0.052678554168911026,0.09482139750403985,0.12642853000538645,0.26735646587332923,0.30067938994160043
1,0.08898631493324476,0.13347947239986713,0.06229042045327133,0.08008768343992027,0.2732205107063677,0.3619355980673288
1,0.151893490069349,0.04219263613037472,0.09282379948682438,0.059069690582524606,0.29964168994175716,0.35437869378917003
1,0.15412090165488124,0.06346154774024522,0.09972528930609964,0.05439561234878161,0.29204266792036715,0.3362539810296251
1,0.11024870489681772,0.08480669607447516,0.07632602646702764,0.07632602646702764,0.3531278576639379,0.29916468843071387
1,0.12924314824892005,0.017232419766522674,0.12924314824892005,0.07754588894935202,0.32307680426900864,0.3236585905172766
1,0.06202968245366435,0.13439764531627277,0.051691402044720294,0.175750766952049,0.3138929416267949,0.2622375616064987
1,0.11847710510765952,0.02961927627691488,0.11107228603843079,0.04442891441537231,0.3290770809720507,0.3673253371895719
1,0.15510017513023833,0.006743485875227754,0.0876653163779608,0.026973943500911014,0.37270547969546636,0.35081159942019585
1,0.07407838726455152,0.14815677452910303,0.04233050700831515,0.1693220280332606,0.23362563676520615,0.33248666639956365
1,0.1413617916972516,0.08315399511603036,0.09146939462763341,0.02494619853480911,0.318616925891894,0.3404516941323817
1,0.030529657141878924,0.11194207618688941,0.06105931428375785,0.2137075999931525,0.27744851788803715,0.3053128345062842
1,0.1147712761581207,0.00819794829700862,0.13116717275213793,0.08197948297008621,0.27336789356517993,0.3905162262574667
1,0.11807647436233956,0.03373613553209702,0.0927743727132668,0.10120840659629105,0.3253375657941409,0.32886704500186453
1,0.11446758404199907,0.049057536017999594,0.08993881603299927,0.08176256002999933,0.28971618783820735,0.3750573160387955
1,0.14331821084327911,0.10237015060234222,0.030711045180702664,0.14331821084327911,0.25345611695345793,0.32682626557693906
1,0.13468520336686673,0.047535954129482375,0.08714924923738437,0.055458613151062784,0.29574362671011567,0.37942735340508815
1,0.13473188911953543,0.038494825462724404,0.10586077002249211,0.1154844763881732,0.2781108106179469,0.327317228389128
1,0.11380843356696002,0.08754494889766155,0.09629944378742772,0.06128146422836309,0.3248854091471302,0.3161803003724575
1,0.12269469705979075,0.018876107239967806,0.15100885791974245,0.09438053619983904,0.29737983740131757,0.31565996417934233
1,0.07931629478405745,0.1586325895681149,0.029743610544021543,0.13880351587210055,0.25225943487721225,0.34124455435449336
1,0.10240616494909323,0.11378462772121468,0.04551385108848588,0.20481232989818646,0.245631075213436,0.2878519511295839
1,0.10949901212633871,0.10949901212633871,0.03981782259139589,0.1493168347177346,0.25404710596993557,0.3378202124682566
1,0.10858501076662962,0.06334125628053396,0.135731263458287,0.06334125628053396,0.32916494594609663,0.2998362672679189
1,0.1044219472956255,0.069614631530417,0.08701828941302125,0.09572011835432338,0.3498777255210898,0.29334728788552306
1,0.10797900630662347,0.1374278262084299,0.029448819901806398,0.12761155290782772,0.297393745219569,0.3001390494557435
1,0.09036333688101222,0.11044407841012606,0.03012111229367074,0.18072667376202445,0.27944085863973483,0.30890394001343174
1,0.05565557125117393,0.10203521396048555,0.05565557125117393,0.1669667137535218,0.26059954358213444,0.3590873862015103
1,0.06709621785712638,0.13419243571425277,0.03834069591835793,0.15336278367343173,0.3291283107681734,0.27787955606865783
1,0.10585592888630309,0.15397226019825902,0.048116331311955945,0.08660939636152071,0.2987885066715351,0.3066575765704261
1,0.160978048589827,0.07575437580697741,0.047346484879360884,0.10416226673459394,0.2791191795887991,0.3326396444004417
1,0.15071762894797272,0.05861241125754495,0.09210521769042777,0.041866008041103527,0.34734782089721433,0.3093509131657368
1,0.090119173663724,0.0700926906273409,0.12015889821829867,0.13017213973649022,0.2668594413179311,0.3225976564362151
1,0.10974837203470499,0.05909527724945653,0.10974837203470499,0.06753745971366461,0.3836066595874676,0.27026385938000136
1,0.14173995758531735,0.07086997879265867,0.132881210236235,0.01771749469816467,0.45905800094618615,0.1777333577414383
1,0.1767544561117867,0.051986604738760794,0.11437053042527376,0.08317856758201728,0.3017564270931195,0.27195341404904194
1,0.033040549810588356,0.10738178688441216,0.10738178688441216,0.09086151197911799,0.31772152489617167,0.3436128395452977
1,0.07968468199625328,0.08964526724578493,0.01992117049906332,0.21913287548969654,0.24511988244894153,0.3464961223202604
1,0.09432006671770482,0.06602404670239338,0.11318408006124578,0.11318408006124578,0.3576529077949672,0.2556348186624429
1,0.10522898388678194,0.12436152641165138,0.038265085049738884,0.12436152641165138,0.30104464371655326,0.30673823452362325
1,0.13495455153315658,0.11567532988556278,0.06747727576657829,0.07711688659037519,0.2688984507380531,0.33587750548627404
1,0.08407997903119305,0.12611996854678956,0.12611996854678956,0.09458997641009217,0.30979722742743965,0.25929288003769596
1,0.09655487618811492,0.12873983491748656,0.04291327830582886,0.17165311322331545,0.2599917914715395,0.30014710589371485
1,0.05734919333496507,0.11469838666993014,0.06554193523996008,0.0983129028599401,0.2760970816550402,0.38800050024016447
1,0.08659182401018532,0.047231904005555624,0.1023357920120372,0.08659182401018532,0.3583424101770892,0.31890624578494736
1,0.15337021852669905,0.05650481735194175,0.08879328441019418,0.03228846705825243,0.31233812497733465,0.356705087675578
1,0.06218131370637164,0.1658168365503244,0.02072710456879055,0.17618038883471965,0.2829660406691162,0.2921283156706775
1,0.1396401787647398,0.02464238448789526,0.09035540978894929,0.08214128162631754,0.2919135930532861,0.37130715227881195
1,0.14980404068773268,0.008322446704874038,0.11651425386823654,0.0665795736389923,0.32888635724512016,0.3298933278550443
1,0.08223899407561694,0.04568833004200941,0.11878965810922447,0.12792732411762636,0.29652125169168464,0.3288344419638382
1,0.051668916364070866,0.14467296581939845,0.010333783272814175,0.21700944872909766,0.24004999285193032,0.33626489296268847
1,0.08324183753604655,0.11098911671472873,0.0647436514169251,0.12023820977428946,0.26639738590597833,0.35438979865203185
1,0.16192000247558483,0.10794666831705656,0.0755626678219396,0.09715200148535091,0.2330362572614479,0.3243824026386203
1,0.0930497656655182,0.2126851786640416,0.0132928236665026,0.22597800233054416,0.2270301214487569,0.22796410822463667
1,0.13521298200176246,0.06760649100088123,0.09295892512621169,0.050704868250660916,0.3072640830631041,0.3462526505573795
1,0.10806865437785577,0.15719077000415385,0.08841980812733653,0.04912211562629808,0.2836513761222157,0.3135472757421403
1,0.10174301848721398,0.09326443361327949,0.0763072638654105,0.0763072638654105,0.3740147724427844,0.2783632477259012
1,0.1448464698065555,0.0543174261774583,0.1086348523549166,0.06337033054036803,0.35926123681667277,0.26956968430402894
1,0.08864930960938734,0.09849923289931926,0.08864930960938734,0.12804900276911504,0.310129920612308,0.2860232245004832
1,0.11534374057822588,0.05767187028911294,0.07689582705215059,0.14417967572278237,0.3020122574680036,0.30389662888972463
1,0.12733448619592638,0.050933794478370556,0.09337862321034603,0.07640069171755584,0.3041548329907846,0.3477975714070168
1,0.11736016038047607,0.11736016038047607,0.0782401069203174,0.08802012028535706,0.25543898383351116,0.3435804681998623
1,0.09549860355806733,0.07813522109296417,0.10418029479061888,0.07813522109296417,0.40550366188596304,0.23854699757942244
1,0.09947804150355043,0.1691126705560357,0.08953023735319539,0.04973902075177521,0.34010409566938776,0.2520359341660556
1,0.13333232413025034,0.07777718907597939,0.13333232413025034,0.11111027010854196,0.25937866411059135,0.2850692284443866
1,0.11723756779247711,0.03126335141132723,0.13286924349814072,0.039079189264159035,0.34945769610623734,0.33009295192765864
1,0.07330888092449088,0.1256723672991272,0.0314180918247818,0.1989812482236181,0.28290163078252323,0.28771778094545863
1,0.10608486717758696,0.07577490512684781,0.07577490512684781,0.05304243358879348,0.33850317803949037,0.35081971094043357
1,0.09470911272737093,0.06026943537196332,0.10331903206622281,0.09470911272737093,0.3380659011928352,0.3089274059142368
1,0.12097395015183669,0.09073046261387753,0.04032465005061223,0.16129860020244893,0.29377060140584826,0.29290173557537647
1,0.12514826482411548,0.11552147522226043,0.06738752721298526,0.08664110641669533,0.2908985036033532,0.31440312272059023
1,0.10281929966918985,0.02372753069288996,0.1265468303620798,0.07118259207866989,0.32665134773607246,0.3490723994610981
1,0.1280109260178095,0.024002048628339278,0.1040088773894702,0.07200614588501784,0.3092343001200975,0.3627377019592658
1,0.11746227044890271,0.10678388222627518,0.0640703293357651,0.14949743511678526,0.25106973746454747,0.3111163454077244
1,0.11757961323355155,0.10778131213075559,0.10778131213075559,0.06858810771957174,0.35213768261226236,0.2461319721731033
1,0.10215608557271974,0.0817248684581758,0.06129365134363184,0.17366534547362356,0.2478532011190446,0.33330684803280447
1,0.09535226648502385,0.04334193931137447,0.1560309815209481,0.060678715035924265,0.29541401325733274,0.3491820843893965
1,0.16464505007588764,0.038740011782561805,0.10653503240204497,0.08716502651076406,0.3287486759215738,0.2741662033071677
1,0.1347507819824332,0.05053154324341245,0.08421923873902075,0.07579731486511868,0.32332485896878466,0.3313762622012302
1,0.09495403805340615,0.08632185277582377,0.08632185277582377,0.08632185277582377,0.33096982997127206,0.31511057364785056
1,0.11384404598371091,0.08131717570265064,0.07318545813238558,0.06505374056212052,0.3349549176766502,0.3316446619424821
1,0.0594065534840116,0.11032645647030725,0.05091990298629565,0.12729975746573916,0.31880729969417776,0.33324002989946855
1,0.1515764504860567,0.06631469708764981,0.07578822524302835,0.09473528155378542,0.2850292309672532,0.32655611466222645
1,0.12479885471338313,0.03565681563239518,0.08914203908098794,0.11588465080528433,0.26080077559009784,0.37371686417785155
1,0.10586016083969421,0.06736555689798722,0.13473111379597444,0.08661285886884071,0.3233641482946358,0.28206616130286755
1,0.10857125260790013,0.05428562630395006,0.11761885699189181,0.09047604383991678,0.32496184524219524,0.304086375014146
1,0.08961363182047662,0.06272954227433364,0.10753635818457194,0.10753635818457194,0.30195371998685316,0.3306303895491927
1,0.11506141359772716,0.1673620561421486,0.03138038552665286,0.11506141359772716,0.27282038924533486,0.29831434189040923
1,0.08478800191919479,0.13189244742985856,0.03768355640853102,0.13189244742985856,0.25505109595873404,0.35869245085382295
1,0.11943760362559078,0.04777504145023631,0.1353626174423362,0.023887520725118155,0.3741524458065064,0.29938477095021204
1,0.09641141284837734,0.04820570642418867,0.10605255413321509,0.144617119272566,0.28128713000918554,0.32342607731246736
1,0.09605604815395,0.16009341358991663,0.08538315391462221,0.09605604815395,0.3055204321461849,0.2568909040413762
1,0.09917587990976079,0.08114390174434973,0.13523983624058286,0.05409593449623315,0.3560226511811593,0.27432179642791416
1,0.08782081665178447,0.19759683746651505,0.043910408325892235,0.12075362289620366,0.2719512277312858,0.2779670869283188
1,0.1239178650828498,0.049567146033139914,0.10739548307180316,0.05782833703866325,0.36280085559094155,0.29849031318260233
1,0.14429845128053628,0.05611606438687522,0.0961989675203575,0.03206632250678584,0.29573395298775035,0.3755862413176948
1,0.13720526047286516,0.016141795349748845,0.10492166977336749,0.0726380790738698,0.3432991739488889,0.32579402138125974
1,0.12877705213906823,0.05151082085562729,0.12019191532979702,0.05151082085562729,0.31854207682098457,0.3294673139988955
1,0.15418945489910701,0.0816297114171743,0.07255974348193271,0.06348977554669112,0.266641751654386,0.36148956300070884
1,0.1307164560765766,0.03075681319448861,0.10764884618071015,0.046135219791732913,0.29485161443829244,0.3898910503181995
1,0.1343763196377142,0.16797039954714277,0.044792106545904736,0.11198026636476184,0.2503572294783488,0.2905236784261275
1,0.06262643271236486,0.17744155935170042,0.05218869392697072,0.13569060421012386,0.2807366885873803,0.2913160212114599
1,0.07731016560762916,0.061848132486103324,0.13142728153296956,0.04638609936457749,0.3175918267664949,0.36543649424222563
1,0.11810317546075709,0.05450915790496481,0.09993345615910215,0.09993345615910215,0.3231618595774752,0.3043588947385986
1,0.09042114533598032,0.04932062472871653,0.12330156182179133,0.07398093709307481,0.33403878537210197,0.3289369456483351
1,0.03826613151900721,0.11479839455702161,0.057399197278510804,0.18176412471528425,0.272612869993186,0.3351592819369901
1,0.23585663806764298,0.18036095852231523,0.02774783977266388,0.12486527897698746,0.21529443945235563,0.21587484520803482
1,0.10685083241982724,0.030528809262807783,0.09158642778842334,0.0839542254727214,0.3306513674214757,0.3564283376347445
1,0.1663437651440445,0.1663437651440445,0.0110895843429363,0.110895843429363,0.2514534682952764,0.29387357364433525
1,0.08617751328015308,0.1292662699202296,0.05386094580009567,0.17235502656030616,0.27109464765758834,0.28724559678162725
1,0.11875812785492446,0.03654096241689983,0.11875812785492446,0.10048764664647454,0.3126584081286924,0.3127967270980842
1,0.11916270866495712,0.0680929763799755,0.136185952759951,0.025534866142490807,0.3535784471399817,0.2974450489126439
1,0.1626979860581176,0.13015838884649408,0.03253959721162352,0.11931185644261959,0.23695525540941964,0.3183369160317255
1,0.1043492872820177,0.040134341262314494,0.1204030237869435,0.06421494601970319,0.34411772138248414,0.32678068026653684
1,0.07703487337398732,0.08559430374887479,0.08559430374887479,0.10271316449864974,0.3186838193173858,0.3303795353122275
1,0.08609926057667368,0.03826633803407719,0.14349876762778946,0.12436559861075087,0.2616343924663205,0.34613564268438823
1,0.10813805227099405,0.1376302483449015,0.009830732024635821,0.1474609803695373,0.27433689683122475,0.3226030901587066
1,0.037002261251013545,0.09250565312753385,0.07400452250202709,0.17576074094231434,0.2559411063201266,0.3647857158569845
1,0.08329148425190216,0.0728800487204144,0.11452579084636547,0.15617153297231653,0.23729571852982614,0.33583542467917527
1,0.06969690606903432,0.14935051300507352,0.03982680346801961,0.14935051300507352,0.2975170792393061,0.29425818521349295
1,0.10157445307033637,0.015626838933897904,0.14064155040508114,0.06250735573559162,0.3329326470158813,0.34671715483921156
1,0.13127435071083202,0.05049013488878155,0.1211763237330757,0.11107829675531941,0.32429777330302006,0.26168312060897136
