1,0.13513991246943333,0.15971080564569393,0.061427232940651506,0.1474253590575636,0.21312413446252984,0.2831725554241278
1,0.14355668742748626,0.015950743047498474,0.135581315903737,0.03190148609499695,0.34756565133909223,0.3254441161871891
1,0.14870447723781643,0.05248393314275874,0.10496786628551748,0.05248393314275874,0.3314555237575845,0.3099042664335641
1,0.09143332523418063,0.13207035867159425,0.040637033437413615,0.15238887539030105,0.263848730790175,0.31962167647633555
1,0.09756284522758947,0.05853770713655368,0.07805027618207158,0.16585683688690211,0.27390715476935507,0.326085179797528
1,0.12616336950886636,0.07209335400506649,0.09011669250633311,0.0811050232556998,0.3052334684835567,0.3252880922404775
1,0.1007386878328203,0.15110803174923046,0.08059095026625625,0.08059095026625625,0.2858443104002136,0.30112706948522305
1,0.13001232250919378,0.14084668271829326,0.021668720418198964,0.15168104292739276,0.26603749972464635,0.289753731702275
1,0.09463162815323059,0.12302111659919977,0.01892632563064612,0.15141060504516896,0.26518688106609695,0.34682344350565764
1,0.07945050137851495,0.12485078788052349,0.13620085950602562,0.12485078788052349,0.2748773845190028,0.2597696788354096
1,0.05496849956186066,0.10993699912372132,0.13192439894846558,0.15391179877320985,0.27167439438743457,0.2775839092053082
1,0.11015026415803343,0.03671675471934448,0.15604620755721402,0.07343350943868895,0.29181260572975615,0.331840658396963
1,0.11553354547243253,0.07109756644457386,0.12442074127800427,0.053323174833430395,0.291822920700796,0.34380205127076297
1,0.1532119524441181,0.05107065081470602,0.09362952649362771,0.05107065081470602,0.3487181905271644,0.3022990289056778
1,0.076278859789396,0.076278859789396,0.1296740616419732,0.030511543915758402,0.36535724689490945,0.3218994279685669
1,0.12028792938010649,0.02577598486716567,0.12028792938010649,0.0859199495572189,0.33637462500979054,0.31135358180561196
1,0.1806898250741221,0.041065869335027747,0.09855808640406659,0.0164263477340111,0.3008864893458363,0.36237338210693615
1,0.13054959504505448,0.10257468182111423,0.06527479752252724,0.08392473967182074,0.2901132039114411,0.32756298202804224
1,0.07028267180995036,0.09036343518422188,0.05020190843567882,0.2008076337427153,0.2752112205354648,0.3131331302919688
1,0.08806180835603736,0.14310043857856072,0.05503863022252335,0.16511589066757004,0.2995382261140022,0.2491450060613063
1,0.11094990496479688,0.1997098289366344,0.04437996198591876,0.0998549144683172,0.2307123139475804,0.3143930756967524
1,0.06936047716571017,0.043350298228568854,0.08670059645713771,0.15606107362284788,0.3359462006539048,0.3085813538718304
1,0.11237269515247836,0.13280409427111078,0.0715098969152135,0.10215699559316213,0.2819673537917912,0.2991889642762441
1,0.1055611830260907,0.11515765421028075,0.04798235592095031,0.12475412539447082,0.2582379482781089,0.3483067331700984
1,0.0383971203200849,0.14398920120031838,0.06719496056014858,0.14398920120031838,0.27889235310186633,0.3275371636172635
1,0.07817087574119505,0.0893381437042229,0.07817087574119505,0.2121780912975294,0.24633982004253244,0.29580219347332515
1,0.16996899562528378,0.05665633187509459,0.08498449781264189,0.07554177583345946,0.3035620684967445,0.30928633035677583
1,0.11352663205824233,0.154809043715785,0.08256482331508533,0.07224422040069967,0.3194515210108857,0.25740375949930194
1,0.06348804696651729,0.10883665194260105,0.05441832597130052,0.14511553592346807,0.3139412538124114,0.31420018538370187
1,0.051616694951463406,0.16517342384468292,0.051616694951463406,0.15485008485439022,0.27253461566252474,0.3042084857354753
1,0.1330804027579578,0.01774405370106104,0.16856851016007987,0.044360134252652596,0.3161017841180507,0.320145115010198
1,0.06447404555510106,0.07368462349154407,0.09210577936443008,0.14736924698308815,0.3266740436555205,0.2956922609503162
1,0.11141368920337184,0.08102813760245224,0.07089962040214572,0.15192775800459796,0.28327700917540977,0.3014537856120224
1,0.09080515421220685,0.14755837559483612,0.022701288553051712,0.2043115969774654,0.23550738536596957,0.2991161992964703
1,0.11478584542563146,0.07063744333885012,0.09712648459091892,0.07946712375620639,0.28620876716814747,0.35177433572024563
1,0.12134393062789048,0.05308796964970209,0.08342395230667471,0.05308796964970209,0.3319180640989207,0.3571381136671099
1,0.13757611640088516,0.11792238548647298,0.06878805820044258,0.07861492365764866,0.30921581696672606,0.2878826992878246
1,0.17570731514335713,0.03699101371439097,0.10172528771457517,0.06473427400018421,0.30739711591713587,0.3134449935103566
1,0.0789199898145171,0.12824498344859028,0.05918999236088782,0.13810998217540493,0.2766473987063966,0.31888765349420317
1,0.1242833955499808,0.04780130598076185,0.14340391794228555,0.07648208956921897,0.2908114451966638,0.31721784576108897
1,0.0698945921171971,0.16974400942747866,0.08986447557925342,0.07987953384822527,0.30644820081005897,0.28416918821778653
1,0.07371072602198465,0.1474214520439693,0.027641522258244244,0.12899377053847316,0.2571938883793782,0.3650386407579504
1,0.10207633077954686,0.07423733147603408,0.12063566364855538,0.08351699791053833,0.3271519400553696,0.29238173612995577
1,0.05169351394594653,0.10338702789189307,0.04135481115675723,0.22745146136216476,0.26620289468907804,0.30991029095416034
1,0.11820022334890116,0.09092324872992397,0.09092324872992397,0.07273859898393918,0.3108768915401629,0.3163377886671488
1,0.11028961997664138,0.08271721498248104,0.13786202497080174,0.045954008323600574,0.3324438425548553,0.2907332891916198
1,0.09849743148394798,0.06566495432263199,0.11491367006460598,0.05745683503230299,0.32747584694826354,0.3359912621482476
1,0.08979535913766644,0.08979535913766644,0.07981809701125907,0.14965893189611074,0.2435061737986673,0.34742607901862993
1,0.0821442150169334,0.10952562002257787,0.0821442150169334,0.10039848502069638,0.3019143692634563,0.32387309565940264
1,0.07611889562088159,0.11961540740424251,0.08699302356672182,0.1631119191876034,0.2783335834354941,0.2758271707850566
1,0.08547023980067753,0.1519470929789823,0.06647685317830475,0.08547023980067753,0.27403132551105974,0.3366042487302982
1,0.09929075318805829,0.09929075318805829,0.11734361740406889,0.054158592648031786,0.3221271563044344,0.3077891272673484
1,0.09544318178524096,0.05205991733740416,0.14750309912264511,0.06073657022697152,0.2953584172854696,0.34889881424226865
1,0.15773799544705475,0.016603999520742603,0.10792599688482693,0.058113998322599114,0.29056387573006515,0.36905413409471144
1,0.12945714856972618,0.049791210988356226,0.1095406641743837,0.11949890637205493,0.29587952000971907,0.2958325498857599
1,0.06415973183381221,0.13901275230659313,0.05346644319484351,0.18178590686246796,0.2666112888751624,0.2949638769271209
1,0.06312228842471845,0.09017469774959778,0.08115722797463801,0.1352620466243967,0.25059825982878264,0.37968547939786634
1,0.04192248661027334,0.02096124330513667,0.25153491966164004,0.1152868381782517,0.3024831387063102,0.267811373538388
1,0.10455727008492993,0.0609917408828758,0.08713105840410829,0.10455727008492993,0.2878025691361719,0.3549600914069841
1,0.04229297910389726,0.13745218208766607,0.04229297910389726,0.21146489551948627,0.2745611793367848,0.2919357848482683
1,0.09672853285494824,0.11822376237827008,0.08598091809328733,0.1397189919015919,0.28135958806684336,0.277988206705059
1,0.10684943107385607,0.08013707330539206,0.10684943107385607,0.07123295404923739,0.3514242246303496,0.2835068858673089
1,0.07203201153888868,0.13377373571507895,0.04116114945079353,0.17493488516587247,0.2828189691547372,0.29527924897462915
1,0.058069817580196886,0.07742642344026253,0.06774812051022971,0.1935660586006563,0.29586506905662696,0.3073245108120275
1,0.07354511843237128,0.10112453784451052,0.11951081745260334,0.0827382582364177,0.3129239113705336,0.3101573566635635
1,0.07598625467361536,0.03377166874382905,0.14352959216127345,0.0928720890455299,0.3431020570423471,0.31073833833340514
1,0.10338993567856906,0.03759634024675239,0.15038536098700955,0.09399085061688096,0.27765320700022755,0.33698430547056046
1,0.10243076852379289,0.07966837551850559,0.10243076852379289,0.1820991440422985,0.24091118071106293,0.2924597626805472
1,0.11350473830973018,0.11350473830973018,0.10404601011725267,0.05675236915486509,0.31328676732240324,0.2989053767860187
1,0.06852626353201269,0.07709204647351427,0.13705252706402538,0.06852626353201269,0.3351844832017827,0.3136184161966522
1,0.11378286788650184,0.05251516979377008,0.11378286788650184,0.07877275469065513,0.36595614656578174,0.2751901931767895
1,0.06586517054669308,0.0846837907028911,0.11291172093718813,0.12232103101528714,0.3171273016963565,0.29709098510158405
1,0.09775220753910173,0.07331415565432631,0.10589822483402689,0.05702212106447602,0.31838563388855073,0.3476276570195184
1,0.051794183697966255,0.09322953065633925,0.09322953065633925,0.1864590613126785,0.2711152059295646,0.3041724877471121
1,0.08472921036902155,0.015405310976185735,0.115539832321393,0.10013452134520727,0.3398241060810468,0.34436701890714577
1,0.11641240571798571,0.06268360307891538,0.08059320395860549,0.10745760527814065,0.28562071840755293,0.34723246355879983
1,0.11325946686537644,0.21519298704421524,0.03397784005961293,0.1019335201788388,0.23642376113639604,0.29921242471556053
1,0.1177759397445118,0.0687026315176319,0.09814661645375984,0.1177759397445118,0.2976569983738517,0.299941874165733
1,0.12497219984221494,0.05767947685025305,0.15381193826734146,0.05767947685025305,0.2812495168012065,0.32460739138873096
1,0.16291832762760353,0.07240814561226824,0.08145916381380176,0.054306109209201175,0.2828558202484953,0.3460524334886299
1,0.09950259062162657,0.1437259642312384,0.044223373609611816,0.16583765103604428,0.2410525608896728,0.30565785961180614
1,0.12221953645388765,0.12221953645388765,0.06110976822694383,0.11203457508273036,0.3220505596284963,0.26036602415405424
1,0.08351916029814743,0.17631822729608904,0.046399533498970795,0.07423925359835327,0.25514566674556527,0.3643781585628743
1,0.1325298840967105,0.05679852175573306,0.09466420292622177,0.10413062321884395,0.2830174622998255,0.32885930570266525
1,0.1981405525150191,0.07925622100600765,0.019814055251501914,0.10897730388326052,0.23860022654127028,0.3552116408029404
1,0.11322425794196948,0.09263802922524775,0.051465571791804304,0.16468982973377377,0.3213739633604072,0.2566083479467975
1,0.07401181793071751,0.09868242390762334,0.09868242390762334,0.06578828260508222,0.3227540191950415,0.34008103245391197
1,0.12784568145140476,0.06883998231998718,0.11801139826283515,0.08850854869712636,0.3019429091091173,0.2948514801595292
1,0.1379346162893048,0.08276076977358289,0.06436948760167559,0.09195641085953656,0.34792652949913516,0.2750521859767649
1,0.07683891765715778,0.14407297060717084,0.06723405295001307,0.10565351177859196,0.3016137978495568,0.30458674915750966
1,0.13933222585541388,0.014666550090043565,0.12466567576537028,0.021999825135065345,0.3567021503639092,0.3426335727901978
1,0.037077064368559356,0.07415412873711871,0.12976972528995775,0.13903899138209758,0.2869188592694943,0.33304123095277227
1,0.08256288109646706,0.1192574949171191,0.07338922764130405,0.10091018800679308,0.31991925272275773,0.3039609556155588
1,0.1447856943505882,0.18098211793823524,0.012065474529215683,0.15685116887980388,0.24318074208524326,0.2621348022169136
1,0.09423302000508031,0.2094067111224007,0.010470335556120036,0.1151736911173204,0.2642389839298031,0.3064772582692755
1,0.11299987865665562,0.05136358120757073,0.1540907436227122,0.10272716241514146,0.2739379915032754,0.3048806425946446
1,0.10584167414645936,0.1481783438050431,0.07408917190252155,0.10584167414645936,0.3062732804008377,0.25977585559867894
1,0.12051795577519801,0.10956177797745273,0.06573706678647163,0.15338648916843384,0.2586462772715216,0.2921504330209223
1,0.07029091134033427,0.08033247010323917,0.17070649896938322,0.09037402886614407,0.2562891120409282,0.33200697867997114
1,0.11765753076235334,0.06723287472134477,0.08404109340168095,0.07563698406151287,0.33812718731511604,0.31730432973799194
1,0.09244763652043302,0.07395810921634642,0.07395810921634642,0.13867145478064952,0.2715487741731132,0.3494159160931115
1,0.07885930750975252,0.10843154782590972,0.03942965375487626,0.17743344189694316,0.298353840893407,0.2974922081191114
1,0.16285009210693333,0.08621475464484707,0.08621475464484707,0.057476503096564706,0.2580605795461971,0.3491833159606107
1,0.15561300569487754,0.022230429384982504,0.11115214692491251,0.014820286256655003,0.31744560468247646,0.37873852705609595
1,0.09543041724381934,0.14314562586572901,0.04771520862190967,0.10497345896820127,0.29326928134500435,0.31546600795533625
1,0.05997461541276079,0.15993230776736211,0.06997038464822093,0.11994923082552159,0.29944883664455274,0.2907246247015819
1,0.10793713956621838,0.03924986893317032,0.16681194296597382,0.08831220509963321,0.3266599294574024,0.27102891397760165
1,0.042221530906211654,0.16888612362484662,0.042221530906211654,0.17944150635139952,0.26559556032973247,0.301633747881598
1,0.0,0.18308060325633635,0.0488214942016897,0.2685182181092933,0.2966617830504307,0.20291790138224988
1,0.11738397516261857,0.06847398551152752,0.07825598344174572,0.13694797102305503,0.28516142397687616,0.3137766608841771
1,0.12343887814544376,0.22218998066179876,0.0,0.1604705415890769,0.2306985560882949,0.26320204351538573
1,0.12980682498509463,0.0278157482110917,0.09271916070363902,0.12980682498509463,0.2651552171993871,0.35469622391569294
1,0.14289056250433602,0.0672426176490993,0.09245859926751154,0.04202663603068706,0.2962961450265114,0.35908543952185473
1,0.06302680254935106,0.07090515286801993,0.055148452230682175,0.133931955417371,0.31820799203857825,0.3587796448959976
1,0.08753215434444124,0.0778063594172811,0.11670953912592165,0.11670953912592165,0.28282441682547305,0.3184179911609613
1,0.12752097476418345,0.03643456421833813,0.1457382568733525,0.06376048738209172,0.30857656387539917,0.3179691528866351
1,0.11376724180326422,0.1551371479135421,0.07239733569298633,0.08273981222055579,0.295135280276501,0.28082318209315055
1,0.07733193881829928,0.06014706352534389,0.10310925175773236,0.11170168940421006,0.29831120691623314,0.34939884957818124
1,0.1685430316087944,0.02661205762244122,0.11531891636391196,0.05322411524488244,0.33702116591040004,0.2992807132495699
1,0.08591931417621347,0.13365226649633208,0.057279542784142316,0.11455908556828463,0.31871015839945943,0.28987963257556804
1,0.14716314195557195,0.17869810094605162,0.04204661198730627,0.0630699179809594,0.26850383855241755,0.30051838857769303
1,0.15868152908127428,0.044078202522576194,0.10578768605418286,0.05289384302709143,0.31270532679662133,0.3258534125182539
1,0.06994611785069582,0.16986914335168984,0.11990763060119283,0.04996151275049701,0.34357688135140324,0.24673871409452122
1,0.07654357432490524,0.051029049549936825,0.10205809909987365,0.11906778228318594,0.33561142252932963,0.3156900722127686
1,0.08336753344276761,0.12968282979986073,0.04631529635709312,0.1204197705284421,0.2769469403144794,0.343267629557357
1,0.047597422817817085,0.24988646979353968,0.035698067113362805,0.15469162415790552,0.28488037222374823,0.22724604389362674
1,0.04629024652527982,0.14812878888089542,0.1296126902707835,0.055548295830335784,0.29422113834097446,0.326198840151731
1,0.09970920432741241,0.09970920432741241,0.09064473120673855,0.0815802580860647,0.3262918249162371,0.30206477713613467
1,0.041394681666115166,0.08278936333223033,0.06623149066578427,0.1490208539980146,0.30011562356551574,0.3604479867723401
1,0.10682091176592211,0.057518952489342676,0.11503790497868535,0.057518952489342676,0.34285182557987676,0.3202514526968305
1,0.14120898268658322,0.049838464477617604,0.10798333970150481,0.041532053731348,0.2988004196979271,0.36063673970501936
1,0.03052372388225356,0.1322694701564321,0.03052372388225356,0.2238406418031928,0.2869085561750507,0.2959338841008173
1,0.13466255610041303,0.12430389793884278,0.04143463264628093,0.12430389793884278,0.24697737851859936,0.3283176368570211
1,0.09831670574671571,0.13764338804540202,0.07865336459737257,0.08848503517204415,0.2662765782242133,0.33062492821425227
1,0.07876263847744121,0.1181439577161618,0.07876263847744121,0.12798928752584196,0.26441649595830546,0.3319249818448085
1,0.008237806105466426,0.10709147937106353,0.07414025494919783,0.14828050989839567,0.3115303231949683,0.35071962648090815
1,0.06528571509139505,0.09326530727342149,0.10259183800076364,0.12124489945544793,0.3180405203250641,0.2995717198539078
1,0.07997118454603003,0.14994597102380627,0.039985592273015014,0.13994957295555255,0.30665047156814,0.28349720763345615
1,0.021322077869624603,0.1599155840221845,0.021322077869624603,0.23454285656587062,0.27900476240699523,0.2838926412657004
1,0.09810899797624814,0.15697439676199704,0.03924359919049926,0.10791989777387297,0.28373809159641533,0.31401501670096726
1,0.11238637026005707,0.07151859925639996,0.06130165650548567,0.17368802676554274,0.26402298947758346,0.3170823577349311
1,0.0766016552330889,0.1532033104661778,0.05745124142481667,0.10532727594549723,0.3118031922789953,0.2956133246514243
1,0.1064726577548097,0.08872721479567475,0.07985449331610728,0.08872721479567475,0.26129553479142587,0.37492288454630773
1,0.0753001279446563,0.1290859336194108,0.043028644539803595,0.19362890042911618,0.24791025685519613,0.3110461366118171
1,0.12549343963403234,0.01476393407459204,0.10334753852214429,0.05905573629836816,0.35418718171737446,0.3431521697534888
1,0.13119386853148934,0.04373128951049644,0.12244761062939007,0.06122380531469503,0.29670530780191,0.3446981182120192
1,0.07813612156888042,0.23440836470664125,0.044649212325074523,0.10046072773141768,0.28637733680671584,0.2559682368612703
1,0.08663122737731802,0.0551289628764751,0.14963575637900384,0.03150226450084291,0.340015767988159,0.3370860208782011
1,0.103131144916057,0.04687779314366227,0.103131144916057,0.13125782080225437,0.31245257731656106,0.30314951890540814
1,0.0841469445726472,0.14959456812915056,0.03739864203228764,0.11219592609686291,0.28905832151909977,0.3276055976499519
1,0.10714459655769011,0.03296756817159696,0.16483784085798478,0.03296756817159696,0.341534237927911,0.3205481883132203
1,0.13015917187123074,0.03718833482035164,0.15805042298649447,0.055782502230527456,0.3280662035458677,0.29075336454552797
1,0.11556306260721663,0.0907995491913845,0.04952702683166426,0.08254504471944044,0.31413907225503845,0.34742624439525577
1,0.11553311511406723,0.06601892292232413,0.06601892292232413,0.09077601901819568,0.3068864283115045,0.3547665917115843
1,0.12401088348948705,0.028617896189881625,0.1526287796793687,0.08585368856964488,0.3359529234478905,0.2729358286237273
1,0.15786758937599255,0.026311264895998755,0.08770421631999585,0.08770421631999585,0.27094434311975363,0.36946836996826327
1,0.13985847345096966,0.13985847345096966,0.023309745575161613,0.17482309181371208,0.24787243036356216,0.27427778534562486
1,0.1624327641011457,0.05129455708457232,0.09404002132171593,0.0427454642371436,0.34758049912501554,0.3019066941304069
1,0.11019339700212309,0.09917405730191078,0.06611603820127385,0.17630943520339695,0.27078261552316585,0.2774244567681293
1,0.08351638772504157,0.050109832635024935,0.10857130404255404,0.10021966527004987,0.33187810627102404,0.32570470405630547
1,0.08634609286164587,0.10553411349756718,0.03837604127184261,0.1630981754053311,0.32644133321893964,0.2802042437446736
1,0.10970006204683351,0.09282312942424374,0.07594619680165397,0.06750773049035909,0.3147835501151453,0.3392393311217643
1,0.12351949471871522,0.16843567461642983,0.056145224872143275,0.11229044974428655,0.2617668629145818,0.27784229313384345
1,0.09258338112662558,0.09258338112662558,0.08332504301396303,0.11110005735195069,0.25601564688834516,0.3643924904924901
1,0.0851259402813749,0.19153336563309353,0.031922227605515587,0.12768891042206235,0.3088725370007418,0.2548570190572119
1,0.05069772300099212,0.13181407980257953,0.05069772300099212,0.18251180280357165,0.2689897435625058,0.31528892782935886
1,0.09287722816106242,0.0759904594045056,0.10132061253934081,0.0759904594045056,0.29343599837350987,0.3603852421170756
1,0.08436872617045245,0.11600699848437211,0.03163827231391966,0.20037572465482456,0.2632587261453955,0.30435155223103566
1,0.09455620974287478,0.16809992843177737,0.06303747316191652,0.10506245526986085,0.32041148574555983,0.24883244764801052
1,0.06915807416975962,0.10867697369533655,0.04939862440697115,0.17783504786509616,0.27363086393481545,0.32130041592802094
1,0.131211633712711,0.046861297754539635,0.10309485505998721,0.10309485505998721,0.2928007061405927,0.3229366522721823
1,0.08784442952159631,0.1141977583780752,0.07027554361727704,0.08784442952159631,0.2956671845709194,0.3441706543905359
1,0.11952037318761002,0.023904074637522005,0.10358432342926202,0.07968024879174002,0.2993372445647108,0.3739737353891552
1,0.14044657137938402,0.16205373620698155,0.04321432965519508,0.09723224172418893,0.2607604745047487,0.2962926465295018
1,0.06205118672480324,0.14478610235787426,0.041367457816535495,0.17581169572027586,0.2843687610635014,0.2916147963170097
1,0.06833494558589782,0.09762135083699688,0.0878592157532972,0.14643202625549534,0.3337124760672848,0.2660399855010279
1,0.07726159161012702,0.034338485160056456,0.18886166838031052,0.051507727740084684,0.30901768734492163,0.33901283976449964
1,0.16451755615784028,0.02467763342367604,0.11516228931048819,0.03290351123156805,0.32877565129149705,0.3339633585849304
1,0.0840494715233031,0.13658039122536753,0.0840494715233031,0.12607420728495464,0.26340646239660553,0.30583999604646606
1,0.1290758596545337,0.10141674687141931,0.11985615539349555,0.027659112783114358,0.34305631638916756,0.27893580890826947
1,0.10046967662706098,0.10046967662706098,0.05480164179657871,0.11873689055925389,0.28350313385371373,0.3420189805363318
1,0.15650942977056193,0.01565094297705619,0.10173112935086524,0.046952828931168575,0.34070729297995694,0.33844837599039107
1,0.10171497955958006,0.05548089794158912,0.11096179588317824,0.11096179588317824,0.25716532111593915,0.36371520961653525
1,0.15018560059733524,0.060074240238934096,0.08009898698524547,0.12014848047786819,0.27893930782651155,0.31055338387410547
1,0.08585033332200166,0.10492818517133537,0.08585033332200166,0.11446711109600222,0.2928656213121953,0.31603841577646374
1,0.018535906653561775,0.15755520655527508,0.04633976663390443,0.15755520655527508,0.31861816966984774,0.30139574393213586
1,0.12132726955122106,0.06533006821988827,0.10266153577411014,0.09332866888555466,0.293394468923958,0.3239579886452679
1,0.11158980835112815,0.07725448270462718,0.08583831411625242,0.07725448270462718,0.30752826022583346,0.3405346518975315
1,0.16859254053851913,0.03549316642916192,0.13309937410935718,0.026619874821871437,0.3485416775134169,0.2876533665876733
1,0.10117378284657433,0.15176067426986148,0.025293445711643582,0.24028773426061403,0.2229754038772978,0.25850895903400883
1,0.08255458728719516,0.08255458728719516,0.08255458728719516,0.17542849798528967,0.2532886562236844,0.3236190839294405
1,0.11373875369498376,0.040620983462494195,0.08936616361748724,0.08936616361748724,0.3097247340935692,0.35718320151397837
1,0.06253621481451949,0.07146995978802226,0.08933744973502782,0.14293991957604452,0.28648694922297846,0.3472295068634075
1,0.15731068394271455,0.08389903143611444,0.08389903143611444,0.10487378929514303,0.28794703815373485,0.28207042573617874
1,0.055817772954464356,0.07176570808431132,0.12758348103877568,0.07176570808431132,0.329786351889664,0.34328097794847334
1,0.13847482941716818,0.12858377017308473,0.04945529622041721,0.08901953319675097,0.2981901123295683,0.2962764586630106
1,0.14713872486685786,0.04087186801857163,0.11444123045200057,0.0326974944148573,0.3039464314748895,0.3609042507728232
1,0.07345813842655129,0.13467325378201073,0.012243023071091883,0.2815895306351133,0.20916448814824506,0.28887156593698776
1,0.06058419635483178,0.12116839270966356,0.020194732118277263,0.21204468724191128,0.2476501604767835,0.3383578310985324
1,0.15727785392792035,0.05504724887477213,0.06291114157116814,0.04718335617837611,0.3454983706831021,0.3320820287646612
1,0.0892994178415845,0.09822935962574296,0.06250959248910916,0.11608924319405986,0.27624278221144527,0.35762960463805826
1,0.10422452156816586,0.047374782530984476,0.12317443458055964,0.11369947807436274,0.26578422359700954,0.34574255964891765
1,0.09746471606027514,0.1191235418514474,0.054147064477930634,0.17327060632937802,0.2811747900924022,0.2748192811885665
1,0.0988612673537431,0.08987387941249372,0.08088649147124435,0.0988612673537431,0.31921809612581686,0.312298998282959
1,0.07020102082148046,0.18051691068380687,0.07020102082148046,0.09025845534190344,0.29101461850872334,0.2978079738226056
1,0.13043087619303417,0.026086175238606832,0.13912626793923644,0.06086774222341595,0.35732926461919534,0.28615967378651136
1,0.12979502619754724,0.049921163922133555,0.16973195733525406,0.05990539670656026,0.33931482218318654,0.2513316336553183
1,0.04570860150319617,0.12798408420894927,0.10055892330703158,0.10055892330703158,0.3083465462546102,0.3168429214191812
1,0.06389387519655691,0.10040466102316085,0.04563848228325493,0.16429853621971777,0.2986533798973495,0.32711106537996
1,0.1564588856254716,0.0460173193016093,0.10123810246354047,0.07362771088257489,0.2895123356537719,0.3331456460730318
1,0.13820785242986183,0.06046593543806456,0.12093187087612912,0.03455196310746546,0.3756520824334571,0.27019029571502196
1,0.017442794246109672,0.16570654533804188,0.06977117698443869,0.10465676547665802,0.3145541640950528,0.32786855385969893
1,0.08978966102694542,0.057138875198965274,0.1061150539409355,0.08162696456995037,0.28450153462614264,0.3808279106370608
1,0.07675196297951241,0.06578739683958205,0.08771652911944276,0.21929132279860689,0.25981374163925464,0.2906390466236011
1,0.10839357489428282,0.1872252657264885,0.029561884062077128,0.07883169083220569,0.24523868205230637,0.3507489024326396
1,0.09078647157130262,0.18157294314260525,0.011348308946412828,0.18157294314260525,0.25295049555302007,0.2817688376440539
1,0.08230125371387374,0.05486750247591582,0.10973500495183164,0.1280241724438036,0.3156373548925412,0.30943471152203383
1,0.12192964803382994,0.10160804002819163,0.030482412008457485,0.1625728640451066,0.2811733652858919,0.30223367059852235
1,0.12214844948231195,0.06577224202893721,0.12214844948231195,0.07516827660449966,0.3122969309255908,0.30246565147634846
1,0.08897423959929832,0.035589695839719326,0.12456393543901764,0.11566651147908781,0.2817940988465117,0.3534115187963651
1,0.09186179368634856,0.050106432919826485,0.13361715445287065,0.06680857722643532,0.33179498342667463,0.3258110582878445
1,0.10277305032908919,0.04282210430378716,0.12846631291136149,0.0770797877468169,0.3088523070249423,0.340006437684003
1,0.13719005722892408,0.022865009538154013,0.0990817079986674,0.05335168892235937,0.35852235998213916,0.328989176329756
1,0.0965200439365531,0.12547605711751902,0.07721603514924248,0.0965200439365531,0.2740314772914512,0.33023634256868106
1,0.13436832937629897,0.013436832937629898,0.11421307996985412,0.013436832937629898,0.354251036090317,0.3702938886882701
1,0.1210950511716593,0.1412775597002692,0.04036501705721977,0.11100379690735437,0.2887789605698183,0.29747961459367894
1,0.09543519668591295,0.052055561828679785,0.1127870506288062,0.09543519668591295,0.33061526351869003,0.3136717306519981
1,0.09792809747971938,0.08813528773174745,0.07834247798377551,0.13709933647160713,0.30152648054064796,0.2969683197925025
1,0.06522620647127221,0.14132344735442315,0.05435517205939352,0.18480758500193795,0.26642337470375654,0.28786421440921656
1,0.12415023233360965,0.04655633712510361,0.08535328472935663,0.062075116166804827,0.30235779761729786,0.3795072320278275
1,0.08514419176053663,0.08514419176053663,0.037841863004682945,0.179748849272244,0.28493017797358905,0.3271907262284108
1,0.13394977324425042,0.033487443311062605,0.11720605158871913,0.05860302579435957,0.3618850856090974,0.294868620452511
1,0.11518197544027892,0.06718948567349604,0.10558347748692234,0.10558347748692234,0.2635652486963934,0.34289633521598695
1,0.07408293087840961,0.14816586175681923,0.08466620671818241,0.1269993100772736,0.27153815151972793,0.2945475390495873
1,0.038992896345087825,0.1559715853803513,0.029244672258815867,0.17546803355289523,0.2800856244559811,0.3202371880068685
1,0.10772650817307777,0.08813987032342727,0.039173275699301006,0.16648642172202927,0.28350588575241925,0.31496803832974535
1,0.09259180248016423,0.12962852347222995,0.06481426173611497,0.09259180248016423,0.2764141261187707,0.3439594837125561
1,0.08869359934075262,0.1182581324543368,0.049274221855973674,0.147822665567921,0.29538911074477975,0.3005622700362361
1,0.04984258060218375,0.119622193445241,0.04984258060218375,0.18940180628829828,0.24320168902877284,0.34808915003332047
1,0.16484643839023422,0.034704513345312465,0.12146579670859364,0.034704513345312465,0.30309846872565993,0.3411802694848872
1,0.12631879548101868,0.016842506064135825,0.11789754244895079,0.08421253032067913,0.3047520055422684,0.34997662014294734
1,0.06959526294745139,0.05219644721058853,0.12179171015803993,0.1130923022896085,0.3181430851342103,0.32518119226010134
1,0.09623738053608384,0.15397980885773416,0.0577424283216503,0.08661364248247545,0.288146428842206,0.31728031095985026
1,0.10129470951673994,0.11050331947280718,0.07366887964853813,0.09208609956067265,0.2891391637075712,0.33330782809367093
1,0.12817810067756183,0.04806678775408568,0.10414470680051899,0.04806678775408568,0.32867575659270604,0.34286786042104184
1,0.13223329380222124,0.15257687746410142,0.05085895915470047,0.08137433464752075,0.24977111922853926,0.3331854157029168
1,0.13579538581348755,0.04849835207624554,0.09699670415249108,0.11639604498298929,0.2669815430578305,0.33533196991695596
1,0.08315013698515622,0.06467232876623262,0.15706136986085062,0.07391123287569441,0.31538104302407494,0.30582388848799114
1,0.08077115995266936,0.07179658662459498,0.08974573328074371,0.12564402659304122,0.29120048877598304,0.34084200477296767
1,0.14511062382142842,0.11401549014540804,0.041460178234693834,0.12438053470408149,0.2691816415768234,0.3058515315175647
1,0.10575526946676812,0.021151053893353627,0.12690632336012175,0.1797839580935058,0.2734464712622564,0.2929569239239943
1,0.12443653925102917,0.11486449777018076,0.05743224888509038,0.09572041480848398,0.308474214080143,0.2990720852050726
1,0.11034443300758622,0.11034443300758622,0.05015656045799373,0.14043836928238246,0.3001605403417458,0.28855566390270576
1,0.13064312259512467,0.14069259356398042,0.020098941937711487,0.12059365162626891,0.24610524009955245,0.34186645017736206
1,0.14356335708169057,0.02266789848658272,0.12089545859510786,0.02266789848658272,0.3236367858827616,0.3665686014672745
1,0.08318965430578051,0.1143857746704482,0.04159482715289026,0.18717672218800613,0.28101032643986523,0.2926426952430097
1,0.08610576367441637,0.17221152734883274,0.08610576367441637,0.09686898413371842,0.25883113052740564,0.2998768306412106
1,0.147087723369143,0.038707295623458676,0.10838042774568431,0.023224377374075206,0.39401950737133884,0.28858066851630004
1,0.05212877206174288,0.06081690073870003,0.06081690073870003,0.1824507022161001,0.2686579106129427,0.37512881363181433
1,0.15215271863430924,0.025358786439051536,0.10143514575620614,0.06762343050413744,0.32863234765878174,0.32479757100751394
1,0.06913358788820309,0.19587849901657542,0.0,0.20740076366460927,0.24161413127591783,0.28597301815469434
1,0.13074119724238195,0.04358039908079398,0.09442419800838696,0.02905359938719599,0.3052694943308983,0.39693111195034275
1,0.12976411375377306,0.07415092214501316,0.1019575179493931,0.07415092214501316,0.26834257846188614,0.3516339455449214
1,0.05939375643976936,0.19006002060726196,0.0,0.23757502575907744,0.23352666793602622,0.279444529257865
1,0.0974352448509931,0.11692229382119172,0.04871762242549655,0.13640934279139036,0.29270550207218643,0.3078099940387419
1,0.05090483420524147,0.13235256893362785,0.09162870156943466,0.14253353577467615,0.2512471665170595,0.3313331929999604
1,0.12383707338938059,0.036422668643935466,0.09469893847423222,0.04370720237272256,0.35835122633989497,0.34298289077983407
1,0.045257331532863765,0.08146319675915478,0.06336026414600929,0.18102932613145506,0.2565316093534197,0.37235827207709743
1,0.1621065861969472,0.101316616373092,0.0405266465492368,0.1114482780104012,0.2746026014828549,0.3099992713874678
1,0.031760217410791734,0.14821434791702812,0.02117347827386116,0.23290826101247275,0.24515717694536812,0.32078651844047823
1,0.09507031038416529,0.16637304317228926,0.07130273278812396,0.1544892543742686,0.24637758507678692,0.2663870742043661
1,0.06593237166037602,0.12087601471068937,0.03296618583018801,0.23076330081131607,0.25360432236659797,0.29585780462083255
1,0.16020789366642946,0.08481594370575678,0.04711996872542043,0.09423993745084086,0.2479471089326541,0.36566914751889845
1,0.06759399038411505,0.1062191277464665,0.06759399038411505,0.1545005494494058,0.24630934584533706,0.35778299619056053
1,0.08293269854136319,0.11979167567085794,0.0737179542589895,0.10136218710611057,0.2730854265228875,0.3491100578997913
1,0.1521197738652539,0.08692558506585937,0.03259709439969726,0.17385117013171875,0.24822130495798247,0.3062850715794882
1,0.13478177634843333,0.13478177634843333,0.022463629391405556,0.16847722043554164,0.2535497115763919,0.2859458858997942
1,0.11806611943192215,0.05449205512242561,0.09990210105778029,0.09990210105778029,0.29510088712778615,0.3325367362023055
1,0.11106058171053575,0.03966449346804848,0.11106058171053575,0.06346318954887757,0.3455047207835479,0.32924643277845456
1,0.08897435386417792,0.13346153079626688,0.06673076539813344,0.1668269134953336,0.27651826048037464,0.2674881759657134
1,0.026386582082811284,0.1671150198578048,0.03518210944374838,0.13193291041405641,0.2902125943438374,0.34917078385774175
1,0.10287599128603117,0.06546653990929256,0.14028544266276977,0.07481890275347722,0.3302809362871967,0.2862721871012326
1,0.09632298701108917,0.1059552857121981,0.1059552857121981,0.08669068830998025,0.30022537666967913,0.3048503765848552
1,0.021367839231623404,0.17094271385298723,0.04273567846324681,0.20299447270042234,0.30901200845265464,0.2529472872990656
1,0.093276338903718,0.031092112967905997,0.10364037655968666,0.19691671546340467,0.2676899220418651,0.30738453406341965
1,0.08382746795558617,0.12108412038029114,0.0465708155308812,0.1303982834864674,0.29380635788381815,0.32431295476295596
1,0.09380301981122004,0.13132422773570807,0.05628181188673202,0.10318332179234205,0.27726753117168135,0.3381400876023164
1,0.09419750949863216,0.13187651329808503,0.06593825664904251,0.09419750949863216,0.2665173337330574,0.3472728773225508
1,0.08951182375151583,0.06265827662606109,0.06265827662606109,0.15217010037757692,0.31205388616889135,0.3209476364498938
1,0.12570082008341635,0.1450394077885573,0.04834646926285244,0.07735435082056391,0.307419989313858,0.29613896273075185
1,0.08591455285346927,0.17182910570693855,0.06682242999714277,0.06682242999714277,0.29285418854459433,0.31575729290071236
1,0.06920888861176666,0.16807872948571903,0.049434920436976185,0.11864380904874283,0.28376292142154347,0.3108707309952519
1,0.10285340737436555,0.10285340737436555,0.04675154880652979,0.13090433665828344,0.2928316520859148,0.323805647700541
1,0.05720706890200396,0.1048796263203406,0.11441413780400791,0.11441413780400791,0.30662680374346674,0.3024582254261728
1,0.1098291063233556,0.0549145531616778,0.1098291063233556,0.10067668079640932,0.30696804990015186,0.31778250349504966
1,0.09919055288421418,0.045780255177329615,0.11445063794332404,0.05341029770688455,0.33536765428517123,0.3518006020030764
1,0.25410289488833365,0.09240105268666679,0.046200526343333395,0.08085092110083344,0.27687273906663606,0.24957186591419658
1,0.06858648578817007,0.08573310723521259,0.06858648578817007,0.12859966085281888,0.29664365641390356,0.35185060392172496
1,0.13195910003313752,0.04712825001183482,0.09425650002366964,0.11310780002840357,0.2916784038095456,0.3218699460934087
1,0.073130939324359,0.05484820449326925,0.12797914381762826,0.11883777640208337,0.34142886730201516,0.2837750686606448
1,0.09224953987029255,0.12914935581840958,0.0830245858832633,0.07379963189623405,0.28769557449503924,0.33408131203676134
1,0.13255043353348162,0.1733351823130144,0.0305885615846496,0.0815694975590656,0.23307441952514144,0.34888190548464737
1,0.11476983283597796,0.05738491641798898,0.10520568009964647,0.11476983283597796,0.3054470528954204,0.3024226849149883
1,0.12388581462735265,0.08259054308490177,0.07226672519928906,0.14453345039857812,0.3003330054656103,0.27639046122426797
1,0.11487238898633995,0.04923102385128854,0.09846204770257708,0.07384653577693281,0.3219739963541884,0.34161400732867325
1,0.09514584198079137,0.10466042617887052,0.12368959457502879,0.06660208938655397,0.2849378781423456,0.32496416973640974
1,0.11177233829444345,0.07738084958846085,0.12037021047093911,0.042989360882478254,0.37669614826117137,0.27079109250250694
1,0.09704969446777585,0.03529079798828213,0.12351779295898746,0.10587239396484638,0.2932586762553688,0.34501064436473944
1,0.12828889395879686,0.12828889395879686,0.07894701166695191,0.06907863520858293,0.3181883687651725,0.27720819644169903
1,0.12550239689981504,0.14481045796132502,0.04827015265377501,0.07723224424604003,0.2977172082333181,0.30646754000572674
1,0.11640209742874477,0.04157217765312313,0.12471653295936938,0.058201048714372386,0.3089825298037512,0.350125613440639
1,0.10758736960937118,0.0880260296803946,0.06846468975141802,0.13692937950283604,0.30862489555496386,0.2903676359010164
1,0.07655389500594262,0.14217151929675056,0.04374508286053864,0.1859166021572892,0.2276764378960707,0.3239364627834083
1,0.06876445405899106,0.1277054146809834,0.0392939737479949,0.1669993884289783,0.25002058126966004,0.34721618781339236
1,0.1076299058082848,0.13991887755077023,0.043051962323313916,0.15068186813159873,0.24764121778373407,0.3110761684022984
1,0.11547507721686821,0.15396676962249092,0.08981394894645306,0.16679733375769853,0.23597755226882014,0.23796931818766903
1,0.07190267555366987,0.14380535110733975,0.06163086476028845,0.14380535110733975,0.27653846102015256,0.30231729645120964
1,0.08790930384345132,0.11428209499648673,0.04395465192172566,0.11428209499648673,0.24827731426221764,0.39129453997963193
1,0.06703626406458597,0.15322574643333936,0.10534270067292081,0.06703626406458597,0.33387204284136185,0.273486981923206
1,0.07923186185704911,0.2150579107548476,0.022637674816299747,0.14714488630594835,0.28385286091311424,0.2520748053527409
1,0.1386964633881639,0.06934823169408195,0.11888268290414047,0.07925512193609366,0.329067179041449,0.26475032103607105
1,0.08881283977347901,0.06216898784143531,0.11545669170552271,0.09769412375082692,0.342332870694386,0.29353448623434997
1,0.10848651333250993,0.11933516466576093,0.08678921066600795,0.1301838159990119,0.23995975952609616,0.3152455358106132
1,0.3011271749851781,0.13092485868920786,0.0,0.10473988695136628,0.19841365324440824,0.2647944261298396
1,0.1360893195677207,0.11057257214877306,0.07655024225684288,0.02551674741894763,0.29779254238406594,0.3534785762236499
1,0.09753906046137388,0.04876953023068694,0.11704687255364865,0.13655468464592344,0.3315214380863936,0.26856841402197357
1,0.14843949056188338,0.04687562859848948,0.09375125719697897,0.03125041906565965,0.273941274864884,0.40574192971210454
1,0.11959547257481898,0.05581122053491552,0.07175728354489139,0.07973031504987932,0.3239704525770957,0.34913525571839904
1,0.14267825406800416,0.16462875469385096,0.021950500625846796,0.12072775344215737,0.25891308033388544,0.2911016568362553
1,0.08098264737527767,0.08098264737527767,0.08098264737527767,0.1259730070282097,0.29551506006602163,0.33556399077993565
1,0.07455776784429542,0.14911553568859084,0.021302219384084407,0.19171997445675967,0.25645000164158127,0.3068545009846884
1,0.1638394646144292,0.054613154871476395,0.1001241172643734,0.054613154871476395,0.3225650253034054,0.304245083074839
