1,0.02954901206360724,0.11819604825442896,0.03939868275147632,0.21669275513311978,0.2760043395733729,0.3201591622239947
1,0.04361071389614906,0.11992946321440992,0.02180535694807453,0.26166428337689435,0.23232586306161268,0.32066431950285945
1,0.12884311159061398,0.02273701969246129,0.11368509846230647,0.04547403938492258,0.3453344846766786,0.3439262461930171
1,0.14119117661999667,0.041526816652940196,0.09966435996705647,0.05813754331411628,0.31340176726361246,0.3460783361822779
1,0.05496024843788897,0.10992049687577794,0.05496024843788897,0.1557207039073521,0.2708600796788953,0.35357822266219674
1,0.047373727698955564,0.1515959286366578,0.03789898215916445,0.1515959286366578,0.3237999165111459,0.2877355163574184
1,0.037117198709919724,0.13918949516219897,0.07423439741983945,0.12991019548471905,0.2434173289361591,0.37613138428716364
1,0.06829952305795099,0.12684197139333755,0.03902829889025771,0.16587027028359527,0.2395831208707905,0.3603768155040679
1,0.09750233243836096,0.1755041983890497,0.039000932975344384,0.08775209919452485,0.2591415230868275,0.3410989139158927
1,0.10228617190782542,0.21593747402763147,0.03409539063594181,0.11365130211980602,0.2519145025825248,0.2821151587262706
1,0.06504295536910545,0.19512886610731636,0.010840492561517576,0.1734478809842812,0.25674109868841577,0.2987987062893638
1,0.08444814661627602,0.12667221992441402,0.10556018327034501,0.11611620159737952,0.25595330121828946,0.31124994737329575
1,0.10111551182660099,0.1314501653745813,0.08089240946128079,0.10111551182660099,0.29803720947104484,0.287389192039891
1,0.10117313361903249,0.12876580642422317,0.055185345610381346,0.09197557601730225,0.265083550173943,0.3578165881551177
1,0.09329066470847415,0.12438755294463219,0.04146251764821073,0.16585007059284293,0.22946397013811373,0.34554522396772636
1,0.11894636463891524,0.14057297639144528,0.043253223505060084,0.14057297639144528,0.22540951124876563,0.3312449478243684
1,0.055303910872075174,0.11982514022282956,0.04608659239339598,0.1566944141375463,0.292701671595294,0.32938827077885896
1,0.11548787630972311,0.15748346769507696,0.04199559138535386,0.11548787630972311,0.2708426353025259,0.29870255299759724
1,0.08065884252789775,0.1958857604248945,0.04609076715879871,0.1497949932660958,0.2516524735541751,0.275917163068138
1,0.11428893411316993,0.06666854489934913,0.11428893411316993,0.09524077842764161,0.3087591187068174,0.30075368973985195
1,0.09907479531270183,0.12879723390651238,0.03962991812508074,0.1387047134377826,0.2741524727526306,0.319640866465292
1,0.07545837712384879,0.1616965224082474,0.032339304481649477,0.17247629056879724,0.26183043074030254,0.2961990746771545
1,0.06056650893173835,0.03460943367527906,0.1211330178634767,0.13843773470111623,0.32741695453764247,0.3178363502907472
1,0.0970492843360229,0.03234976144534097,0.11322416505869341,0.08896184397468768,0.37476284066705545,0.2936521045181995
1,0.16357195804844557,0.04089298951211139,0.08996457692664507,0.04089298951211139,0.2696750836355475,0.395002402365139
1,0.16127575366571442,0.05092918536812034,0.10185837073624068,0.03395279024541356,0.30456786593852797,0.34741603404598304
1,0.06321715374517972,0.06321715374517972,0.06321715374517972,0.1343364517085069,0.3309245727782241,0.34508751427772977
1,0.09787985838875272,0.09787985838875272,0.09787985838875272,0.107667844227628,0.2815837909131254,0.3171087896929883
1,0.08999663099686431,0.02999887699895477,0.11999550799581908,0.06749747324764824,0.33699077606486794,0.3555207346958456
1,0.13006291833521938,0.021677153055869897,0.10116004759405953,0.04335430611173979,0.3543399803179078,0.34940559458520365
1,0.14927876379948243,0.16076174563021187,0.022965963661458838,0.13779578196875303,0.2698668896041157,0.259330855335978
1,0.0580949595655765,0.07745994608743534,0.07745994608743534,0.18396737195765894,0.2830240422606921,0.31999373404120174
1,0.0990530206244348,0.0495265103122174,0.16839013506153916,0.08914771856199133,0.2571688237610009,0.33671379167881643
1,0.12594246250533858,0.029633520589491435,0.09630894191584716,0.051858661031610014,0.31611097061371557,0.38014544334399736
1,0.1171334458527674,0.02928336146319185,0.18546128926688174,0.06832784341411433,0.2971297343724933,0.3026643256305515
1,0.07912715020866871,0.16814519419342103,0.029672681328250766,0.12858161908908666,0.2991772501231558,0.29529610505741716
1,0.09690601593991752,0.12920802125322334,0.06460401062661167,0.1507426914620939,0.26775857377316364,0.2907806869449898
1,0.06799458012540777,0.03885404578594729,0.20398374037622327,0.08742160301838141,0.29054573422707525,0.3112002964669651
1,0.08601569358789875,0.05160941615273925,0.12902354038184813,0.08601569358789875,0.3113122719751899,0.3360233843144253
1,0.10648725751261742,0.026621814378154356,0.1863527006470805,0.04436969063025726,0.3324147566403629,0.30375378019152766
1,0.04812075056806521,0.120301876420163,0.14436225170419562,0.1804528146302445,0.2972994414891887,0.20946286518814292
1,0.0766708546957761,0.16429468863380592,0.043811916969014916,0.16429468863380592,0.25168483716487844,0.2992430139027187
1,0.05697383811810922,0.1253424438598403,0.06836860574173106,0.21650058484881507,0.25238376902947773,0.28043075840202664
1,0.15422712412113856,0.11309989102216829,0.030845424824227714,0.12338169929691085,0.26946394968429677,0.3089819110512577
1,0.07653448255465758,0.18586945763273985,0.010933497507808226,0.17493596012493162,0.2487073202145181,0.3030192819653445
1,0.10475161327916938,0.04364650553298724,0.13093951659896172,0.07856370995937703,0.30309315722268065,0.33900549740682395
1,0.15671049606165224,0.024743762536050352,0.08247920845350118,0.07423128760815106,0.2789713759522645,0.38286386938838063
1,0.0779823253776414,0.09747790672205173,0.0779823253776414,0.1462168600830776,0.30865066916752676,0.2916899132720611
1,0.04268363989633197,0.17073455958532788,0.04268363989633197,0.18140546955941086,0.2926254443299734,0.2698672467326239
1,0.14538643278729552,0.14538643278729552,0.05192372599546268,0.0830779615927403,0.2645286729388039,0.3096967738984022
1,0.1375219074435046,0.08462886611907976,0.09520747438396472,0.11636469091373468,0.32275410133425064,0.24352295980546543
1,0.09633178572849936,0.02627230519868164,0.11384665586095379,0.12260409092718101,0.2921021712117179,0.3488429910729662
1,0.15833610074513133,0.03958402518628283,0.09896006296570707,0.1088560692622778,0.2934562401278042,0.3008075017127968
1,0.16337163544176223,0.04805048101228301,0.08649086582210941,0.09610096202456601,0.2696998834428245,0.3362861722564548
1,0.05667732813235307,0.23804477815588293,0.03400639687941184,0.13602558751764737,0.25307019430934025,0.2821757150053645
1,0.05682509527759017,0.14206273819397544,0.08523764291638526,0.10417934134224867,0.3074806522665118,0.30421453000328874
1,0.01860394475536107,0.03720788951072214,0.2139453646866523,0.1116236685321664,0.26948724278155817,0.3491318897335399
1,0.05244500440982527,0.026222502204912634,0.20978001763930107,0.0699266725464337,0.30391630352276816,0.33770949967675906
1,0.055367911468653885,0.23254522816834633,0.022147164587461556,0.1439565698185001,0.27401960212655974,0.2719635238304785
1,0.06897460273877414,0.12809569080058053,0.08868163209270959,0.11824217612361278,0.2958695130082695,0.30013638523605346
1,0.010463517047980991,0.11509868752779091,0.06278110228788594,0.2406608921035628,0.26467632187417695,0.3063194791586025
1,0.05455551135502303,0.08183326703253456,0.045462926129185864,0.19094428974258065,0.29363933251836927,0.3335646732223065
1,0.05946092007928258,0.15856245354475357,0.05946092007928258,0.12883199350511226,0.24318850496232927,0.3504952078292397
1,0.05780445666361787,0.15414521776964768,0.05780445666361787,0.12524298943783874,0.2628582342551839,0.3421446452100939
1,0.0952715051809088,0.17148870932563584,0.05716290310854528,0.06669005362663617,0.25543929453398756,0.3539475342242864
1,0.1545400135775467,0.1435014411791505,0.033115717195188576,0.12142429638235813,0.2828543869151628,0.2645641447505932
1,0.09765425727156199,0.05859255436293719,0.146481385907343,0.09765425727156199,0.3362689220701863,0.26334862311640944
1,0.05445254269833652,0.031115738684763725,0.1477997587526277,0.08556828138310026,0.3246379354702375,0.3564257430109342
1,0.03253945864636832,0.17354377944729774,0.05423243107728054,0.18439026566275382,0.2761867828353064,0.27910728233099297
1,0.14816515549865214,0.026146792146820967,0.13073396073410484,0.052293584293641934,0.2751532766862923,0.3675072306404877
1,0.09491462094768381,0.04314300952167446,0.09491462094768381,0.12080042666068849,0.34312624203162095,0.30310107989064844
1,0.06892237281924281,0.04594824854616187,0.09955453851668407,0.09955453851668407,0.34485262706885195,0.3411676745323753
1,0.09776390219074774,0.06221339230320311,0.10665152966263389,0.09776390219074774,0.3244425865341823,0.31116468711848533
1,0.15939335412750477,0.026565559021250795,0.13282779510625398,0.04427593170208466,0.28104852581726447,0.35588883422564116
1,0.13184635193714098,0.032961587984285244,0.10712516094892705,0.06592317596857049,0.3106719943209711,0.35147172884010514
1,0.12575440274775976,0.0167672536997013,0.1341380295976104,0.0670690147988052,0.31205851905658305,0.34421278009954026
1,0.09377409895292783,0.042624590433149014,0.17049836173259605,0.042624590433149014,0.3670871707392697,0.2833911877089083
1,0.14725091282622227,0.12621506813676192,0.03155376703419048,0.12621506813676192,0.26960786973533846,0.29915731413072494
1,0.10310290350367782,0.183294050673205,0.05727939083537656,0.12601465983782845,0.274550894802424,0.25575810034748836
1,0.13059042310024185,0.11970788784188838,0.03264760577506046,0.1632380288753023,0.2347422815395981,0.3190737728679089
1,0.1197815465068817,0.08983615988016129,0.019963591084480287,0.17967231976032258,0.26656071033646467,0.32418567243168955
1,0.1048713186060728,0.029963233887449366,0.09738051013421044,0.07490808471862341,0.333565958864251,0.35931089378939307
1,0.14055049997181654,0.017568812496477067,0.13176609372357798,0.07027524998590827,0.3382501274710991,0.30158921635112096
1,0.0839376450202517,0.0746112400180015,0.09326405002250188,0.13056967003150263,0.27857442246816844,0.3390429724395738
1,0.1015278533524643,0.07614589001434822,0.1015278533524643,0.06768523556830953,0.33582127996031363,0.3172918877521
1,0.07037085580373903,0.16084767040854636,0.06031787640320488,0.12063575280640976,0.28094331901362674,0.3068845255644733
1,0.07409712040220345,0.11114568060330518,0.04631070025137716,0.1481942408044069,0.2863625881121067,0.33388966982660045
1,0.1289435813712738,0.17192477516169838,0.021490596895212297,0.11819828292366764,0.256590123657095,0.30285263999105283
1,0.07646013094993986,0.10704418332991582,0.09175215713992783,0.03823006547496993,0.3442719323702718,0.3422415307349748
1,0.12500655889362902,0.11539066974796525,0.02884766743699131,0.12500655889362902,0.2218432858793482,0.38390525914843715
1,0.08006127611693586,0.18013787126310568,0.04003063805846793,0.11008425466078682,0.25167040288978004,0.3380155570109236
1,0.12570398644430847,0.058661860340677295,0.07542239186658509,0.08380265762953898,0.32577959260802125,0.33062951111086886
1,0.11749359023343298,0.0156658120311244,0.14099230828011958,0.04699743609337319,0.32960390801893447,0.34924694534301537
1,0.1351773014242125,0.0450591004747375,0.10513790110772084,0.02252955023736875,0.34822026031537734,0.3438758864405831
1,0.07972569567449256,0.0717531261070433,0.1116159739442896,0.06378055653959405,0.330438680636197,0.3426859670983835
1,0.06920481336816514,0.05190361002612385,0.121108423394289,0.11245782172326835,0.2811507605694181,0.36417457091873556
1,0.10798480531366553,0.03085280151819015,0.1234112060727606,0.053992402656832764,0.34055903677940064,0.34319974765915023
1,0.14103337926828352,0.03525834481707088,0.1322187930640158,0.05288751722560632,0.3526145636435725,0.2859874019814511
1,0.14872758069271713,0.0612407685205306,0.09623549338940522,0.05249208730331193,0.27851404491281995,0.3627900251812152
1,0.12301074535597667,0.07380644721358601,0.09020787992771623,0.04920429814239067,0.3078045534398174,0.3559660759205131
1,0.05178810746003536,0.15536432238010606,0.05178810746003536,0.16572194387211314,0.28281244378053333,0.2925250750471766
1,0.0995345712070667,0.17695034881256302,0.011059396800785189,0.16589095201177784,0.2456439196422258,0.3009208115255814
1,0.089490894688501,0.22372723672125247,0.02237272367212525,0.12304998019668888,0.23997465354391279,0.30138451117751963
1,0.10522070670269087,0.133917263076152,0.057393112746922284,0.09565518791153714,0.2988019735352147,0.309011756027483
1,0.02852848458199066,0.1426424229099533,0.05705696916398132,0.16166141263128042,0.28594336812572146,0.3241673425870727
1,0.0940457023063565,0.10449522478484055,0.04179808991393622,0.188091404612713,0.24619449832882626,0.3253750800533275
1,0.053858833014395924,0.18312003224894613,0.021543533205758372,0.18312003224894613,0.25844769401417556,0.29990987526777774
1,0.06633229036586216,0.18794148936994282,0.03316614518293108,0.16583072591465542,0.2268427219915932,0.31988662717501537
1,0.09966970454085476,0.018121764461973593,0.15403499792677552,0.09966970454085476,0.30358358020040555,0.324920248329136
1,0.1310271432007349,0.03494057152019598,0.1747028576009799,0.01747028576009799,0.35605209982814534,0.2858070420898458
1,0.1539401765319192,0.05497863447568542,0.0769700882659596,0.16493590342705627,0.23795965122592114,0.3112155460734584
1,0.0942276809343389,0.11135998655876415,0.05139691687327576,0.0942276809343389,0.31467600778752197,0.3341117269117604
1,0.05017236891323802,0.17058605430500928,0.03010342134794281,0.16055158052236168,0.24915740568586653,0.3394291692255816
1,0.07900276074755815,0.13825483130822674,0.0592520705606686,0.12837948621478198,0.3217590974311326,0.27335175373763204
1,0.06967184976942062,0.1692030637257358,0.03981248558252607,0.12939057814320973,0.2790414831485095,0.3128805396305983
1,0.08083513030803978,0.13135708675056465,0.04041756515401989,0.16167026061607956,0.30966759470076205,0.27605236247053394
1,0.10534759856154642,0.14748663798616501,0.06320855913692786,0.11588235841770107,0.32403127705907836,0.2440435688385812
1,0.04571305540286459,0.1714239577607422,0.03428479155214844,0.2171370131636068,0.256130613259278,0.27531056886135996
1,0.0387288733707534,0.12586883845494853,0.04841109171344174,0.18396214851107862,0.3012250824813818,0.30180396546839583
1,0.0696646641616497,0.1293772334430637,0.07961675904188535,0.1293772334430637,0.27669138811535043,0.31527272179498717
1,0.17476150936698187,0.12621664565393134,0.02912691822783031,0.06796280919827073,0.2372784553690287,0.36465366218395706
1,0.18295614355611936,0.2073502960302686,0.02439415247414925,0.08537953365952239,0.2741902204493614,0.22572965383057889
1,0.1239419227645367,0.1239419227645367,0.030985480691134173,0.1445989098919595,0.2415888125503805,0.3349429513374525
1,0.1531321825693177,0.03223835422511952,0.08865547411907868,0.056417119893959165,0.33725567598907097,0.3323011932034539
1,0.1735649927254213,0.04132499826795745,0.06611999722873192,0.05785499757514044,0.30426586106397624,0.3568691531387727
1,0.07495626033301177,0.16062055785645377,0.021416074380860503,0.18203663223731426,0.2842183121184904,0.27675216307386935
1,0.05272570095122812,0.12302663555286562,0.07908855142684218,0.10545140190245623,0.32489534669180853,0.31481236347479935
1,0.15711823640330147,0.024808142589994964,0.12404071294997483,0.033077523453326624,0.3401272760557705,0.32082810854763155
1,0.11884325900836451,0.025466412644649536,0.13582086743813088,0.06791043371906544,0.30255505977729075,0.3494039674124991
1,0.11720658200449503,0.02511569614382036,0.14232227814831538,0.058603291002247516,0.3051537160980269,0.35159843660309475
1,0.14986701152691004,0.014986701152691004,0.11989360922152803,0.022480051729036502,0.35598010519685774,0.3367925211729767
1,0.08844116284912233,0.029480387616374108,0.16705552982611996,0.11792155046549643,0.3366606252336834,0.26044074400920375
1,0.07484543414178754,0.11761425365138042,0.0534610243869911,0.19245968779316797,0.26237554792433126,0.2992440521023417
1,0.12078697604812556,0.1308525573854694,0.04026232534937519,0.12078697604812556,0.2517682883543316,0.3355428768145727
1,0.1573097638786075,0.043697156632946536,0.113612607245661,0.043697156632946536,0.32010414871037507,0.3215791668994633
1,0.19910288851584576,0.018100262592349613,0.11765170685027249,0.036200525184699225,0.33715972718807125,0.29178488966876154
1,0.11085177084232692,0.1662776562634904,0.05542588542116346,0.12193694792655962,0.2773375577008682,0.26817018184559155
1,0.1423547587269095,0.1626911528307537,0.06100918231153263,0.050840985259610526,0.26623881815282174,0.3168651027183719
1,0.1031980882415409,0.12196137701273016,0.03752657754237851,0.12196137701273016,0.2638875570599621,0.3514650231306582
1,0.04721951665148709,0.14165854995446125,0.06610732331208193,0.13221464662416385,0.3849316405168311,0.22786832294097475
1,0.08093921136489941,0.14164361988857396,0.030352204261837278,0.16187842272979883,0.265464492020777,0.31972204973411367
1,0.10155827672155765,0.1805480475049914,0.04513701187624785,0.13541103562874354,0.2836616787630686,0.2536839495053912
1,0.10196215430859051,0.04705945583473408,0.10980539694771287,0.06274594111297878,0.31990156054997365,0.35852549124601013
1,0.12441499887738006,0.026660356902295724,0.11552821324328147,0.09775464197508432,0.3028649692784821,0.3327768197234763
1,0.028150628232667566,0.07506834195378018,0.15013668390756035,0.13136959841911533,0.27905194773429315,0.3362227997525835
1,0.05691779006202441,0.07318001579403138,0.15449114445406625,0.048786677196020915,0.3095583102006858,0.3570660622931711
1,0.062104461949468046,0.09315669292420208,0.051753718291223376,0.21736561682313818,0.2733460219616182,0.3022734880503501
1,0.06370635615178298,0.1380304383288631,0.07432408217708014,0.15926589037945743,0.31045026793016517,0.254222965032651
1,0.05532635009938455,0.12909481689856397,0.05532635009938455,0.13831587524846137,0.2904720699416631,0.33146453771254253
1,0.11659453626868117,0.10687832491295775,0.05829726813434059,0.11659453626868117,0.2601521007611183,0.3414832336542212
1,0.1387033731946433,0.03467584329866082,0.10402752989598246,0.07802064742198685,0.30438031859458226,0.3401922875941445
1,0.1321082484927675,0.10379933810146018,0.028308910391307316,0.12267194502899838,0.29096105114426934,0.3221505068411972
1,0.12935656268021134,0.12935656268021134,0.029851514464664154,0.11940605785865661,0.25616356831940945,0.335865733996847
1,0.13946647066593887,0.11801009056348674,0.021456380102452134,0.160922850768391,0.25659359530754056,0.30355061259219074
1,0.09746736272450687,0.03544267735436613,0.10632803206309839,0.12404937074028147,0.30578761980434066,0.33092493731340644
1,0.11443626266134584,0.03521115774195256,0.15845020983878655,0.05281673661292884,0.32028091321742763,0.3188047199275586
1,0.14635373708593385,0.048784579028644616,0.09756915805728923,0.10732607386301816,0.28230503645424887,0.3176614155108653
1,0.1317517619097031,0.061484155557861464,0.1141848603217427,0.052700704763881244,0.4069032615592426,0.2329752558875689
1,0.09282759748414636,0.08354483773573172,0.12995863647780492,0.07426207798731708,0.32177719096943863,0.2976296593455614
1,0.17532949867050407,0.048702638519584465,0.07792422163133514,0.09740527703916893,0.2684923105006045,0.33214605363880284
1,0.12962293783262013,0.05184917513304805,0.1036983502660961,0.06913223351073074,0.31614341273516955,0.32955389052233547
1,0.08628149156867031,0.034512596627468126,0.12079408819613845,0.11216593903927141,0.2802719874951738,0.3659738970732779
1,0.13428757680670197,0.0089525051204468,0.11638256656580839,0.10743006144536157,0.3148494519436285,0.3180978381180528
1,0.12333579910497329,0.03794947664768409,0.13282316826689433,0.09487369161921022,0.32390336328510916,0.28711450107612885
1,0.13727098134860166,0.04902535048164345,0.13727098134860166,0.07844056077062952,0.31118525168701805,0.28680687436350566
1,0.14842410783642832,0.03710602695910708,0.08163325931003558,0.03710602695910708,0.3246595781046014,0.3710710008307205
1,0.15642859438658946,0.01646616783016731,0.11526317481117118,0.04939850349050193,0.37639685668791073,0.2860467027936594
1,0.12282676128038938,0.032753803008103835,0.10644985977633747,0.07369605676823363,0.30920931307215155,0.3550642060947842
1,0.11210577055356924,0.15881650828422308,0.05605288527678462,0.05605288527678462,0.2664051759807359,0.35056677462790253
1,0.06076534950393248,0.1316582572585204,0.08102046600524332,0.14178581550917582,0.2812088769322922,0.30356123479083585
1,0.08865922766599192,0.1280633288508772,0.049255126481106616,0.13791435414709854,0.28230572741413157,0.31380223544079405
1,0.05293381347481831,0.15880144042445493,0.05293381347481831,0.1693882031194186,0.28447583239904817,0.2814668971074417
1,0.20638692556914015,0.07603728836757796,0.054312348833984246,0.10862469766796849,0.2365681798735648,0.3180705596877644
1,0.10384223992492458,0.10384223992492458,0.07788167994369345,0.06922815994994973,0.2694869301191898,0.3757187501373178
1,0.1441368195974882,0.03203040435499738,0.13612921850873885,0.01601520217749869,0.33381167475140044,0.33787668060987647
1,0.07072536896143534,0.04420335560089709,0.1414507379228707,0.10608805344215301,0.3166802285010781,0.3208522555715658
1,0.14066708979072756,0.056266835916291016,0.09377805986048504,0.09377805986048504,0.3077996228764164,0.307710331695595
1,0.15106337895949395,0.03180281662305136,0.11926056233644258,0.023852112467288515,0.323495605029858,0.3505255245838655
1,0.14727675479690236,0.06872915223855444,0.11782140383752189,0.06872915223855444,0.3099604820028116,0.28748305488565534
1,0.07744315693025527,0.058082367697691456,0.12584513001166484,0.13552552462794676,0.33513982339220244,0.26796399734023924
1,0.1828718097937647,0.03657436195875294,0.06400513342781765,0.09143590489688234,0.27549317103311705,0.3496196188896653
1,0.1146484399813514,0.06687825665578832,0.1146484399813514,0.09554036665112617,0.3290543326731641,0.27923016405721873
1,0.08292157712009551,0.1347475628201552,0.04146078856004776,0.16584315424019103,0.28866894975548635,0.2863579675040242
1,0.12343618017100125,0.1337225285185847,0.010286348347583438,0.15429522521375158,0.2579477443987462,0.320311973350333
1,0.1115655056316205,0.17664538391673248,0.05578275281581025,0.03718850187720684,0.3177119123534414,0.3011059434051884
1,0.15534661909007141,0.02330199286351071,0.11650996431755356,0.02330199286351071,0.38682314226746733,0.29471628859788634
1,0.16716328464561706,0.05278840567756327,0.07918260851634491,0.061586473290490495,0.3146742214594336,0.32460500641055084
1,0.09597783470012997,0.11517340164015595,0.06718448429009098,0.11517340164015595,0.2774384374237784,0.3290524403056887
1,0.075958354500701,0.1302143220012017,0.075958354500701,0.16276790250150214,0.26207211215390336,0.2930289543419907
1,0.03902862741056281,0.1463573527896105,0.0585429411158442,0.15611450964225124,0.3002140860249828,0.29974248301674844
1,0.07112933784845844,0.08891167231057305,0.08002050507951575,0.12447634123480228,0.3067019961698898,0.3287601473567607
1,0.146083987989781,0.03895573013060827,0.10712825785917275,0.10712825785917275,0.2643712580581396,0.33633250810312576
1,0.12628748896858194,0.02706160477898184,0.1353080238949092,0.08118481433694552,0.3374896737509985,0.29266839426958297
1,0.1368923271853785,0.04831493900660418,0.09662987801320835,0.04831493900660418,0.3297726280711771,0.34007528871702786
1,0.047716080856938105,0.11929020214234526,0.055668760999761126,0.10338484185669923,0.3172830590895259,0.3566570550547303
1,0.043270094952398815,0.18389790354769495,0.054087618690498517,0.16226285607149554,0.29818629471295344,0.2582952320249588
1,0.13688545306312,0.09125696870874668,0.07984984762015335,0.1596996952403067,0.2686350777273045,0.26367295764036874
1,0.08953920823604755,0.08953920823604755,0.02984640274534918,0.1989760183023279,0.26406738031216836,0.32803178216805934
1,0.12205993779850771,0.12205993779850771,0.05085830741604488,0.12205993779850771,0.2852722130714408,0.29768966611699116
1,0.13054817187978296,0.18988825000695703,0.03560404687630444,0.13054817187978296,0.24087671248663067,0.272534646870542
1,0.13863059563365315,0.03960874160961519,0.14853278103605694,0.07921748321923038,0.2924282883481385,0.30158211015330594
1,0.11843934854330701,0.059219674271653505,0.12689930201068608,0.04229976733689536,0.4020971400629662,0.25104476777449186
1,0.10281608965134617,0.06854405976756411,0.09424808218040066,0.08568007470945514,0.3211368444792623,0.3275748492119717
1,0.05367669972647414,0.03834049980462438,0.12268959937479802,0.09968529949202339,0.33483747762850513,0.350770423973575
1,0.055160971078335466,0.22064388431334186,0.022064388431334188,0.15445071901933932,0.27352395147488645,0.27415608568276273
1,0.1528743936636296,0.0382185984159074,0.12421044485169905,0.0764371968318148,0.3026406919427708,0.3056186742941783
1,0.0918475599492182,0.11480944993652274,0.05740472496826137,0.20665700988574096,0.25115703183415544,0.2781242234261012
1,0.03268603279914252,0.2179068853276168,0.02179068853276168,0.17432550826209345,0.26015192940027054,0.2931389556781151
1,0.14020106620231426,0.032988486165250415,0.11545970157837646,0.04948272924787562,0.3151993930733025,0.34666862373288077
1,0.06918949160306609,0.0432434322519163,0.14702766965651543,0.09513555095421587,0.3423529548664133,0.303050900667873
1,0.12141995329255621,0.04669998203559854,0.14943994251391535,0.06537997484983797,0.28415775668476617,0.33290239062332583
1,0.1200823153365022,0.08733259297200159,0.1200823153365022,0.1200823153365022,0.26096966709811187,0.2914507939203801
1,0.08073875929541392,0.17301162706160123,0.046136433883093665,0.17301162706160123,0.24477044531694966,0.28233110738134026
1,0.13228318397353497,0.049606193990075605,0.1157477859768431,0.041338494991729674,0.32666233268310746,0.3343620083847093
1,0.12293279525921619,0.06619458206265487,0.11347642639312262,0.08510731979484197,0.34649135761762173,0.2657975188725426
1,0.0953256138889582,0.10591734876550911,0.052958674382754554,0.18005949290136547,0.23054314425777944,0.33519572580363327
1,0.10319690540382477,0.11351659594420725,0.04127876216152991,0.16511504864611964,0.27437203098501367,0.30252065685930474
1,0.11858921953447586,0.1383540894568885,0.06917704472844426,0.07905947968965059,0.28738084470802006,0.3074393218825206
1,0.1479864363211022,0.09513413763499426,0.08456367789777268,0.10570459737221584,0.26116610732062917,0.3054450434532858
1,0.14745751026167403,0.09830500684111601,0.08847450615700442,0.06881350478878122,0.3230785792453311,0.27387089270609327
1,0.0958144964227496,0.10646055158083288,0.08516844126466631,0.14904477221316603,0.3184139461502245,0.2450977923683606
1,0.05423584625276936,0.1355896156319234,0.07231446167035915,0.10847169250553872,0.36523270454526474,0.26415567939414447
1,0.11842951925832233,0.11842951925832233,0.06908388623402137,0.09869126604860194,0.28714602870755873,0.3082197804931733
1,0.09476703027151236,0.1066129090554514,0.1066129090554514,0.17768818175908568,0.23802408563740857,0.2762948842210907
1,0.09180028034563846,0.15300046724273075,0.03060009344854615,0.14280043609321538,0.2872417479626882,0.29455697490718097
1,0.10610037638781014,0.07073358425854011,0.1326254704847627,0.05305018819390507,0.3802922418198511,0.25719813885513093
1,0.07805160011731326,0.07805160011731326,0.08672400013034806,0.11274120016945248,0.32493294993252436,0.3194986495330486
1,0.030603803265168924,0.1530190163258446,0.05100633877528154,0.18362281959101356,0.28163527579546904,0.3001127462472224
1,0.09240019350780414,0.11088023220936497,0.0646801354554629,0.11088023220936497,0.26848745878500313,0.35267174783299987
1,0.10652352730994083,0.04565294027568892,0.10652352730994083,0.053261763654970415,0.33601864651189756,0.35201959493756146
1,0.08626614574179893,0.10351937489015871,0.07763953116761904,0.08626614574179893,0.30276583671825535,0.3435429657403691
1,0.11502241930280535,0.04792600804283556,0.1533632257370738,0.0766816128685369,0.33305309844441594,0.2739536356043325
1,0.17808129317853033,0.04452032329463258,0.09794471124819168,0.04452032329463258,0.27424324602011263,0.36069010296390014
1,0.08768672382806524,0.06377216278404745,0.1275443255680949,0.047829122088035574,0.3573809810757312,0.3157866846560257
1,0.12396940783981839,0.07628886636296515,0.0858249746583358,0.10489719124907709,0.2759529535190407,0.33306660637076285
1,0.10672824013599301,0.1897390935750987,0.09486954678754934,0.09486954678754934,0.29037448025063545,0.22341909246317404
1,0.08811835571477092,0.12116273910781002,0.05507397232173182,0.18725150589388817,0.26937892612740244,0.2790145008343966
1,0.025783477695050572,0.14610637360528655,0.034377970260067434,0.14610637360528655,0.2838070253403792,0.36381877949392954
1,0.12823080590107513,0.016028850737634392,0.12021638053225793,0.06411540295053757,0.28302722087394355,0.3883813390045514
1,0.14701512619819743,0.03459179439957587,0.09512743459883365,0.0778315373990457,0.31295696808051515,0.3324771393238324
1,0.1834833279006961,0.027522499185104417,0.09174166395034805,0.07339333116027845,0.2747988710107583,0.3490603067928147
1,0.11336839644212436,0.10306217858374941,0.11336839644212436,0.09275596072537448,0.29338339204765496,0.2840616757589723
1,0.07076316809161605,0.07076316809161605,0.055038019626812484,0.12580118771842852,0.28097122708676886,0.39666322938475806
1,0.07790586386711514,0.14468231861035666,0.055647045619367945,0.17807054598197744,0.2695161782060036,0.27417804771517906
1,0.11010706275965665,0.02540932217530538,0.16939548116870254,0.042348870292175635,0.37851652332835434,0.27422274027580534
1,0.1319463279975447,0.12179661045927202,0.06089830522963601,0.10149717538272669,0.2843073012665856,0.299554279664235
1,0.12706416288400227,0.14661249563538725,0.04887083187846241,0.07819333100553987,0.2666577709749446,0.3326014076216637
1,0.12725687090856935,0.1590710886357117,0.04241895696952312,0.1060473924238078,0.28023930849796796,0.28496638256442
1,0.13192175169603057,0.08794783446402038,0.06596087584801529,0.16490218962003822,0.24099422197753947,0.30827312639435606
1,0.08941382308973797,0.05960921539315864,0.13908816925070352,0.11921843078631728,0.2692654137815683,0.3234049476985144
1,0.117491279689967,0.06266201583464907,0.12532403166929815,0.01566550395866227,0.37176781400451747,0.30708935484290606
1,0.08752403607726177,0.14222655862555036,0.01094050450965772,0.2078695856834967,0.23606296565507623,0.31537634944895737
1,0.1245762513100112,0.05338982199000479,0.0978813403150088,0.08898303665000798,0.28785691584875644,0.3473126338862108
1,0.08057796216402688,0.08953106907114097,0.07162485525691278,0.12534349669959738,0.2983411321004819,0.3345814847078401
1,0.11077222360372195,0.12000324223736546,0.06461713043550447,0.08307916770279147,0.3124745373937294,0.30905369862688714
1,0.2177886764185042,0.06877537150058026,0.08023793341734366,0.1031630572508704,0.27278287566868414,0.25725208574401726
1,0.1385986801017608,0.04619956003392026,0.07699926672320044,0.05389948670624031,0.32241911482091173,0.3618838916139664
1,0.13168401398390872,0.03511573706237566,0.08778934265593914,0.10534721118712696,0.29238551715919847,0.3476781779514509
1,0.09584569392394982,0.13418397149352976,0.028753708177184947,0.13418397149352976,0.28498527244873206,0.3220473824630738
1,0.08494882911426277,0.15927905458924269,0.021237207278565692,0.16989765822852554,0.27082514745116293,0.29381210333824037
1,0.06747509000093717,0.13495018000187434,0.038557194286249805,0.15422877714499922,0.2561410773111466,0.3486476812547929
1,0.12610662745246662,0.031526656863116655,0.11034329902090831,0.055171649510454154,0.34247320335177184,0.3343785638012825
1,0.0708562041235345,0.10122314874790642,0.08097851899832513,0.16195703799665026,0.2951353797497053,0.28984971038387847
1,0.0692554217202073,0.1962236948739207,0.023085140573402434,0.18468112458721947,0.2522484632616938,0.2745061549835562
1,0.1534576800491736,0.07221537884666993,0.07221537884666993,0.07221537884666993,0.33343998314867573,0.2964562002621408
1,0.06982667791567693,0.01995047940447912,0.18952955434255167,0.12967811612911428,0.27138569585961125,0.3196294763485667
1,0.15806589310042535,0.05268863103347512,0.09659582356137106,0.05268863103347512,0.30740968396941376,0.33255133730183944
1,0.09866974949419256,0.026909931680234332,0.08969977226744778,0.15248961285466123,0.27451749315341906,0.35771344055004517
1,0.12679833385323885,0.21133055642206475,0.03169958346330971,0.06339916692661943,0.26357545451857045,0.30319690481619666
1,0.07613170060687284,0.06090536048549827,0.12181072097099654,0.05329219042481099,0.3519505879791328,0.33590943953268854
1,0.10723203724120944,0.06255202172403886,0.1251040434480777,0.07148802482747296,0.3017617362403966,0.3318621365188043
1,0.07681532282540923,0.09601915353176155,0.028805746059528462,0.1920383070635231,0.2879941696373805,0.3183273008823972
1,0.09941947346045323,0.18779233875863385,0.0552330408113629,0.1104660816227258,0.23634059750186198,0.3107484678449623
1,0.038533223491079335,0.08669975285492851,0.1444995880915475,0.12523297634600783,0.2844072932497059,0.32062716596673096
1,0.028610296988196348,0.15258825060371387,0.038147062650928466,0.17166178192917808,0.2743805635485046,0.3346120442794787
1,0.061789799503269155,0.061789799503269155,0.12357959900653831,0.17507109859259595,0.2749267417221268,0.30284296167220065
1,0.06643872108627466,0.009491245869467807,0.10440370456414588,0.20880740912829177,0.24657002655604532,0.36428889279577464
1,0.09211311259719833,0.05024351596210817,0.13398270923228847,0.06699135461614424,0.29625115689167897,0.3604181507005819
1,0.09694343440166255,0.07540044897907087,0.06462895626777503,0.2046583615146209,0.26664475561692424,0.2917240432199464
1,0.14710318290249536,0.05884127316099814,0.08826190974149721,0.10787566746182993,0.2749004044528578,0.32301756228032164
1,0.181670454343825,0.04128873962359659,0.08257747924719318,0.03303099169887727,0.3400278785647707,0.32140445652173727
1,0.09391761499795194,0.14087642249692792,0.06574233049856637,0.08452585349815675,0.23734580017876933,0.37759197832962776
1,0.0849786880192132,0.13218907025210944,0.0849786880192132,0.0849786880192132,0.3581878044855749,0.25468706120467594
1,0.1133224330784425,0.08499182480883188,0.0944353608987021,0.0944353608987021,0.2735173870450379,0.33929763327028356
1,0.09414924057646032,0.09414924057646032,0.06847217496469842,0.09414924057646032,0.3041286734966787,0.344951429809242
1,0.1138889383050977,0.13459601799693363,0.04141415938367189,0.13459601799693363,0.2421631910019308,0.33334167531543246
1,0.08930317344000649,0.09922574826667388,0.029767724480002162,0.1885289217066804,0.2715062299151816,0.3216682021914555
1,0.03330663305751051,0.2109420093642333,0.05551105509585086,0.1554309542683824,0.2873229423243859,0.25748640588963684
1,0.08039810829552557,0.11613060087131472,0.053598738863683715,0.11613060087131472,0.28362889490439547,0.3501130561937658
1,0.07492872515797797,0.04162706953220998,0.14153203640951392,0.08325413906441996,0.30196171076655415,0.3566963190693239
1,0.11063940937495649,0.017021447596147155,0.11915013317303008,0.10212868557688291,0.27698249083295795,0.3740778334460254
1,0.13395061237856495,0.07813785722082957,0.07813785722082957,0.1674382654732062,0.22519746303945687,0.3171379446671129
1,0.06282366767275009,0.19894161429704196,0.04188244511516673,0.12564733534550018,0.27011786910363966,0.3005870684659013
1,0.16220131452723016,0.03861936060172147,0.10041033756447582,0.015447744240688588,0.3779329702518269,0.30538827281405706
1,0.06497977750104247,0.1021110789302096,0.09282825357291781,0.12067672964479315,0.2842481095683537,0.33515605078268323
1,0.13107470366336732,0.11090936463823389,0.07057868658796702,0.10082669512566717,0.2871570501579581,0.2994534998268066
1,0.19138154731153093,0.019138154731153094,0.11482892838691855,0.06698354155903583,0.2742786062734308,0.3333892217379307
1,0.05932052812672083,0.08156572617424115,0.08898079219008125,0.07415066015840104,0.3478585033946012,0.3481237899559545
1,0.0752103538429335,0.22563106152880047,0.08595469010620971,0.05372168131638106,0.342273364530437,0.21720884867523843
1,0.05428037206478189,0.12665420148449108,0.05428037206478189,0.13570093016195472,0.33174994881489245,0.297334175409098
1,0.15891319669847453,0.00882851092769303,0.12359915298770242,0.07062808742154424,0.3113310777389397,0.32669997422564606
1,0.12514377552200365,0.03575536443485819,0.1340826166307182,0.07151072886971638,0.3072272857477736,0.32628022879492996
1,0.07817176472265763,0.06080026145095594,0.1476577778094644,0.06948601308680678,0.3502681328323219,0.2936160500977933
1,0.05825572140823896,0.12483368873194062,0.04993347549277624,0.10818919690101521,0.27885917614723726,0.3799287413187918
1,0.0935300491989469,0.11431450457649066,0.05196113844385939,0.16627564302035006,0.2637140174678452,0.31020464729250785
1,0.1341798896066472,0.10542705611950852,0.0670899448033236,0.08625850046141606,0.27617230651682984,0.33087230249227473
1,0.07667552397772086,0.14376660745822661,0.019168880994430215,0.15335104795544172,0.27878733215295304,0.32825060746122753
1,0.127365721114484,0.08187796357359685,0.09097551508177427,0.07278041206541942,0.3021327427922488,0.3248676453724766
1,0.04425215311497203,0.11505559809892728,0.08850430622994405,0.11505559809892728,0.32685525887499894,0.3102770855822305
1,0.08736716191366298,0.06353975411902762,0.12707950823805525,0.04765481558927071,0.37386412987074635,0.30049463026923706
1,0.13095981067989565,0.1527864457932116,0.06547990533994782,0.09821985800992174,0.26882382612121186,0.2837301540558113
1,0.171771866784558,0.038171525952124,0.114514577856372,0.066800170416217,0.2829682002395984,0.32577365875113046
1,0.1702923469143402,0.1702923469143402,0.07450290177502385,0.021286543364292525,0.2922325236170305,0.27139333741497274
1,0.042764738368277676,0.15395305812579962,0.08552947673655535,0.06842358138924429,0.32384464079144676,0.3254845045886764
1,0.15234774969695652,0.07169305868092071,0.08065469101603581,0.06273142634580563,0.37290393371214,0.25966914054814133
1,0.06087932655571952,0.12175865311143905,0.03043966327785976,0.20293108851906508,0.2731240809194522,0.3108671876164645
1,0.18728863184926872,0.09364431592463436,0.04161969596650416,0.1040492399162604,0.23559468635979278,0.3378034299835396
1,0.1454981260226978,0.03828898053228889,0.09955134938395112,0.030631184425831112,0.3717852216521087,0.3142451379831224
1,0.09092992994716424,0.14144655769558884,0.030309976649054743,0.15154988324527371,0.30861560905475954,0.2771480434081589
1,0.06061574396951951,0.0779345279608108,0.10391270394774772,0.11257209594339337,0.3341787938242976,0.31078613435423097
1,0.09504734191366963,0.12356154448777053,0.08554260772230267,0.08554260772230267,0.2916459925277203,0.31865990562623425
1,0.11576622755475884,0.05788311377737942,0.10749721130084748,0.05788311377737942,0.3344334952779195,0.32653683831171554
1,0.061801775007078924,0.19570562085574994,0.05150147917256578,0.11330325417964471,0.21860795635172212,0.3590799144332386
1,0.0231067855518573,0.17330089163892973,0.034660178327785944,0.24262124829450163,0.24339846062900486,0.2829124355579203
1,0.12658621219476043,0.1150783747225095,0.1150783747225095,0.1150783747225095,0.26745932804262296,0.2607193355950881
1,0.13618401003622665,0.1466597031159364,0.020951386159419487,0.1257083169565169,0.2538591582997061,0.3166374254321944
1,0.11184417860492145,0.13421301432590574,0.055922089302460724,0.15658185004689004,0.27505861190071307,0.2663802558191089
1,0.12969927090187347,0.046321168179240514,0.12043503726602535,0.08337810272263294,0.3586590027351204,0.2615074181951075
1,0.14487230579318444,0.07669710306698001,0.051131402044653336,0.07669710306698001,0.3344073986469402,0.31619468738126205
1,0.11579452516868198,0.03087854004498186,0.12351416017992745,0.04631781006747279,0.3151052506263949,0.36838971391254105
1,0.16675340536007027,0.06484854652891622,0.0926407807555946,0.05558446845335676,0.3212640098055282,0.29890878909653384
