1,0.14250155905629805,0.06650072755960576,0.09500103937086538,0.08550093543377883,0.2940992346683276,0.31639650391112434
1,0.11753897633365153,0.09794914694470962,0.06856440286129674,0.11753897633365153,0.2688376075045114,0.3295708900221791
1,0.08614922961070352,0.08614922961070352,0.11199399849391459,0.06891938368856283,0.354855444906004,0.2919327136901115
1,0.02726809879980919,0.15451922653225206,0.10907239519923675,0.08180429639942757,0.3062345503176941,0.3211014327515804
1,0.15099046644717276,0.06217254500765938,0.10658150572741606,0.044408960719756696,0.35127886441366213,0.2845676576843331
1,0.09808340908295829,0.07846672726636664,0.05885004544977497,0.16674179544102907,0.2810557644736462,0.31680225828622494
1,0.10725901782287489,0.11700983762495441,0.0877573782187158,0.0877573782187158,0.27104290054162544,0.32917348757311365
1,0.10523006887218089,0.04509860094522038,0.07516433490870063,0.08268076839957071,0.3276618394063044,0.364164387468023
1,0.09182721941048577,0.050087574223901324,0.12521893555975333,0.07513136133585199,0.308938780391111,0.3487961290788965
1,0.08845043731416267,0.07862261094592238,0.11793391641888355,0.11793391641888355,0.33051221334066105,0.26654690556148686
1,0.13330472434131235,0.0622088713592791,0.0799828346047874,0.08886981622754156,0.29284298028497857,0.34279077318210094
1,0.1425506361469063,0.06109312977724555,0.05091094148103796,0.1629150127393215,0.26909252346426615,0.3134377563912225
1,0.1337195540869589,0.03820558688198826,0.10506536392546771,0.11461676064596477,0.27957161189606167,0.32882112256355867
1,0.11134090956370268,0.05567045478185134,0.1298977278243198,0.08350568217277701,0.31231684880116944,0.30726837685617975
1,0.10247768573459465,0.08384537923739561,0.09316153248599512,0.10247768573459465,0.29379748539647915,0.3242402314109408
1,0.10608238015664309,0.1350139383811821,0.07715082193210407,0.07715082193210407,0.2872281713086029,0.31737386628936376
1,0.09871531153765688,0.08974119230696079,0.07179295384556864,0.10768943076835295,0.3285987267788434,0.3034623847626174
1,0.12134638340594733,0.0933433718507287,0.07467469748058297,0.0933433718507287,0.32007633645840833,0.2972158389536038
1,0.1163740586985321,0.038791352899510696,0.10861578811862996,0.05430789405931498,0.321527732158141,0.36038317406587117
1,0.0631684105849444,0.10264866720053466,0.08685656455429856,0.07106446190806245,0.3477894528254836,0.3284724429266763
1,0.079371457536559,0.10582861004874532,0.08819050837395444,0.08819050837395444,0.2832514174679608,0.35516749819882604
1,0.12421567799407747,0.20326201853576312,0.0677540061785877,0.0677540061785877,0.2657980791638777,0.27121621194910633
1,0.10502738579191458,0.04376141074663108,0.08752282149326215,0.12253195009056703,0.34270389721970096,0.2984525346579243
1,0.10588341748748306,0.07058894499165538,0.08823618123956922,0.09705979936352616,0.3151856134718687,0.32304604344589755
1,0.09585113999612871,0.038340455998451484,0.08626602599651584,0.17253205199303168,0.24772765343648523,0.3592826725793872
1,0.11647361627188307,0.023294723254376613,0.10094380076896534,0.07764907751458872,0.34023328184676505,0.34140550034342104
1,0.10037043677486746,0.09124585161351587,0.07299668129081269,0.10949502193621903,0.33401131521653205,0.2918806931680529
1,0.10059072545389676,0.1207088705446761,0.09053165290850708,0.10059072545389676,0.35208959415152635,0.23548843148749682
1,0.1050733966399302,0.019104253934532765,0.14328190450899572,0.12417765057446296,0.2635436199387178,0.3448191744033604
1,0.13408646839535016,0.03831041954152861,0.10535365373920369,0.11493125862458582,0.2831335108983439,0.3241846888009878
1,0.0427753154513809,0.20318274839405925,0.0427753154513809,0.14971360407983314,0.27967301815419515,0.2818799984691507
1,0.11554204041712826,0.07110279410284816,0.07110279410284816,0.10665419115427223,0.31152681120983544,0.32407136901306777
1,0.12032735027136837,0.15040918783921048,0.07019095432496489,0.07019095432496489,0.2678906622570494,0.32099089098244205
1,0.09402580239653625,0.08462322215688263,0.10342838263618989,0.10342838263618989,0.32715667865674986,0.2873375315174515
1,0.09460297633543145,0.047301488167715726,0.06306865089028764,0.11825372041928932,0.2972712776467351,0.3795018865405406
1,0.12914045076855127,0.09224317912039376,0.05534590747223626,0.10146749703243314,0.27270318330105914,0.34909978230532634
1,0.11887424193718886,0.08915568145289164,0.06934330779669351,0.12878042876528795,0.23802778540833183,0.3558185546396062
1,0.12244937051926003,0.07142879946956836,0.07142879946956836,0.15306171314907505,0.2965702323778668,0.28506108501466154
1,0.14001163000734734,0.05600465200293894,0.0933410866715649,0.0933410866715649,0.3382840115367662,0.2790175331098177
1,0.13293231747587156,0.10444682087389909,0.08545648980591743,0.06646615873793578,0.34173900510390004,0.2689592080024761
1,0.11042038886220523,0.11042038886220523,0.07729427220354368,0.15458854440708736,0.2872164160665557,0.2600599895984027
1,0.14018288502140774,0.008761430313837984,0.11389859407989379,0.09637573345221782,0.31907364005466515,0.3217077170779776
1,0.1185665162959619,0.0912050125353553,0.10032551378889085,0.06384350877474872,0.30055144903675474,0.3255079995682885
1,0.07430290687998647,0.04953527125332432,0.10732642104886936,0.10732642104886936,0.2622513656963241,0.39925761407262633
1,0.056871750054303095,0.056871750054303095,0.12322212511765672,0.15165800014480826,0.33104023806546895,0.28033613656345985
1,0.1380701010147527,0.034517525253688175,0.08629381313422042,0.09492319444764248,0.26939225486799984,0.37680311128169647
1,0.09589327699522493,0.11507193239426991,0.08630394929570244,0.09589327699522493,0.2349556955522185,0.37188186876735935
1,0.08368521453707288,0.07438685736628702,0.12087864322021638,0.10228192887864464,0.3066843253009208,0.3120830306968583
1,0.1381670595369484,0.03250989636163492,0.1056571631753135,0.056892318632861115,0.34380410359084296,0.3229694587023992
1,0.15979397435187787,0.11279574660132556,0.05639787330066278,0.05639787330066278,0.2503448784389931,0.36426965400647776
1,0.15152427885110156,0.05347915724156526,0.0802187358623479,0.0802187358623479,0.3211406193051803,0.31341847287745705
1,0.09402695130308178,0.1149218293704333,0.10447439033675752,0.1149218293704333,0.3076538405018946,0.26400115911739946
1,0.12016607510372848,0.09243544238748344,0.0831918981487351,0.0831918981487351,0.2373877965305087,0.3836268896808091
1,0.1203275892282948,0.03702387360870609,0.0833037156195887,0.13883952603264785,0.28556856087380167,0.33493673463696094
1,0.09969896725004447,0.1296086574250578,0.07975917380003558,0.09969896725004447,0.3123847379911206,0.27884949628369704
1,0.1190904237800599,0.06412561280464765,0.09160801829235377,0.10076882012158916,0.27285925043128784,0.3515478745700616
1,0.1204370188980823,0.03705754427633302,0.11117263282899903,0.11117263282899903,0.30831265705339617,0.3118475141141904
1,0.10021734981454707,0.04555334082479412,0.10021734981454707,0.12754935430942355,0.29754548231504785,0.3289171229216402
1,0.10500857956614755,0.07875643467461067,0.09625786460230194,0.07875643467461067,0.3107193400121152,0.33050134647021395
1,0.11000376775968759,0.10083678711304697,0.06416886452648443,0.10083678711304697,0.3654081715847801,0.25874562190295375
1,0.12288468675031203,0.02633243287506686,0.11410720912528972,0.09655225387524516,0.282744298593836,0.35737911878025036
1,0.08880644678991825,0.0976870914689101,0.11544838082689374,0.06216451275294278,0.3606018896936993,0.27529167846763586
1,0.06691035336489234,0.06691035336489234,0.10872932421795006,0.10036553004733852,0.32865947202788365,0.3284249669770431
1,0.13947905096899282,0.11802073543530163,0.08583326213476482,0.09656241990161042,0.2738120837125131,0.28629244784681723
1,0.12152155881504281,0.09347812216541754,0.09347812216541754,0.07478249773233404,0.3126333250453524,0.3041063740764356
1,0.11895096976889814,0.06405052218325284,0.12810104436650568,0.06405052218325284,0.30413112465132475,0.3207158168467656
1,0.07302289004915664,0.11866219632987955,0.06389502879301207,0.11866219632987955,0.30387126223288696,0.3218864262651851
1,0.06514846794323163,0.09772270191484746,0.1520130918675405,0.13029693588646327,0.2978812810365921,0.25693752135132497
1,0.037621731657728384,0.12227062788761725,0.10345976205875305,0.12227062788761725,0.32879953629935377,0.28557771420893024
1,0.1044052538262179,0.18560934013549849,0.04640233503387462,0.13920700510162387,0.2587144585400528,0.2656616073627323
1,0.14408124046768545,0.06174910305757947,0.08233213741010596,0.1337897232914222,0.29357877587770276,0.28446901989550427
1,0.07910436792990631,0.0966831163587744,0.0966831163587744,0.08789374214434036,0.2960324886112835,0.343603168596921
1,0.13025852584623426,0.06512926292311713,0.0744334433407053,0.11165016501105794,0.2497206635890702,0.3688079392898153
1,0.1546155155616641,0.05696361099640257,0.07323892842394616,0.04882595228263077,0.3211314952340791,0.3452244975012773
1,0.1149458802841263,0.08841990791086639,0.10610388949303966,0.05305194474651983,0.29275053618453345,0.34472784138091433
1,0.06426921435419387,0.05508789801788046,0.15608237771732797,0.10099447969944753,0.3218270549714633,0.3017389752396868
1,0.10734900005387998,0.10734900005387998,0.07807200003918544,0.10734900005387998,0.29686246002155237,0.3030185397776222
1,0.08552553314059222,0.14254255523432036,0.07602269612497087,0.08552553314059222,0.2817056940298766,0.32867798832964773
1,0.0764579438254749,0.11468691573821232,0.10512967276002798,0.09557242978184362,0.33308804591808067,0.27506499197636053
1,0.0856588801249561,0.051395328074973656,0.10279065614994731,0.11135654416244292,0.2740109337010439,0.3747876577866362
1,0.0801679676653099,0.0721511708987789,0.08818476443184088,0.08818476443184088,0.2858292173488884,0.3854821152233409
1,0.09350546170577344,0.12467394894103123,0.11428445319594531,0.09350546170577344,0.2410981523178351,0.33293252213364144
1,0.06512198830480931,0.07442512949121063,0.0930314118640133,0.14885025898242127,0.32561712834915973,0.29295408300838577
1,0.12345229210590022,0.11316460109707521,0.08230152807060016,0.10287691008825019,0.2543560912089584,0.32384857742921574
1,0.0957965396144362,0.08621688565299258,0.11495584753732344,0.0957965396144362,0.2857901945837082,0.32144399299710336
1,0.08523664287964394,0.11364885717285858,0.11364885717285858,0.07576590478190573,0.3318003337366468,0.27989940425608645
1,0.17437902922526702,0.03875089538339267,0.09687723845848167,0.08718951461263351,0.3113072617303925,0.2914960605898326
1,0.05363949277949702,0.05363949277949702,0.11621890102224355,0.14303864741199207,0.2586502170141675,0.3748132489926028
1,0.17656563873245062,0.016815775117376253,0.09248676314556939,0.058855212910816884,0.3150920874600045,0.34018452263378235
1,0.14507958821084485,0.10639169802128623,0.09671972547389657,0.048359862736948284,0.33367514749254534,0.2697739780644787
1,0.07763773957455876,0.08626415508284307,0.07763773957455876,0.112143401607696,0.2898832637259164,0.35643370043442707
1,0.10276315883409,0.123315790600908,0.092486842950681,0.10276315883409,0.29377953202584317,0.28489151675438773
1,0.06680771781612195,0.033403858908060975,0.15866832981328963,0.08350964727015243,0.2656858536127824,0.39192459257959256
1,0.09522123733047612,0.1375417872551322,0.06348082488698407,0.1375417872551322,0.2828069411758165,0.28340742209645897
1,0.05160296922912745,0.09288534461242941,0.12384712614990587,0.15480890768738234,0.2675927289070542,0.3092629234141006
1,0.12994106653553542,0.056849216609296746,0.06497053326776771,0.08121316658470963,0.3253458175992843,0.3416801994034061
1,0.08085892935165523,0.05390595290110348,0.12578055676924146,0.10781190580220695,0.3483412137026869,0.2833014414731059
1,0.15084820204557042,0.10056546803038029,0.09050892122734226,0.07039582762126621,0.26241665383895896,0.32526492723648176
1,0.14818493568260657,0.0329299857072459,0.11525494997536068,0.04116248213405738,0.33695365077798645,0.32551399572274314
1,0.0724738894797465,0.04529618092484156,0.1358885427745247,0.11777007040458808,0.2868144853499511,0.3417568310663481
1,0.1176091303644343,0.10856227418255472,0.06332799327315693,0.08142170563691604,0.3132085524160071,0.3158703441269309
1,0.026930944369309692,0.07181585165149251,0.10772377747723877,0.16158566621585815,0.28870224792642735,0.34324151235967354
1,0.2232774578535359,0.02232774578535359,0.08931098314141436,0.12280260181944476,0.2411531367567156,0.3011280746435358
1,0.06657357216012295,0.07608408246871194,0.15216816493742388,0.09510510308588992,0.33621416677036364,0.2738549105774878
1,0.07242403100732284,0.07242403100732284,0.09656537467643045,0.08851826012006125,0.2763802941792944,0.39368800900956824
1,0.08217400919816677,0.133532764947021,0.12326101379725014,0.08217400919816677,0.3860535845365187,0.19280461832287663
1,0.10563364639555846,0.09507028175600261,0.09507028175600261,0.137323740314226,0.26244170724938526,0.30446034252882487
1,0.1466188762104935,0.07330943810524675,0.09425499184960295,0.11520054559395916,0.2646368257957648,0.30597932244493287
1,0.10381000170538789,0.05190500085269394,0.08650833475448991,0.11246083518083688,0.31760285687312906,0.3277129706334624
1,0.0667510724607021,0.0667510724607021,0.09535867494386012,0.16210974740456222,0.2805069187024685,0.328522514027705
1,0.08030166228552468,0.06424132982841975,0.06424132982841975,0.12045249342828702,0.30929466986246446,0.3614685147668844
1,0.07841078237498783,0.043561545763882124,0.11326001898609353,0.12197232813886996,0.3017298634190939,0.34106546131707255
1,0.0449855833390117,0.0899711666780234,0.1349567500170351,0.09896828334582576,0.3396787656721673,0.2914394509479368
1,0.10735786389495096,0.08051839792121322,0.08051839792121322,0.09841137523703838,0.2971144073252243,0.3360795577003599
1,0.05803404924196978,0.11606809848393956,0.05803404924196978,0.16442980618558103,0.29403967901597405,0.30939431783056587
1,0.14020562717620927,0.0560822508704837,0.08412337630572556,0.10281745992922013,0.28947527366661446,0.3272960120517467
1,0.09285241724300194,0.05064677304163742,0.09285241724300194,0.10973467492354776,0.2908656085397464,0.36304810900906453
1,0.13156289834253126,0.07084156064597838,0.08096178359540385,0.13156289834253126,0.243454074264831,0.3416167848087242
1,0.09724353394757744,0.13614094752660844,0.04862176697378872,0.11669224073709292,0.27268626867050966,0.32861524214442284
1,0.10918160189439718,0.04549233412266549,0.11828006871893029,0.10008313506986409,0.32523074184668743,0.3017321183474554
1,0.09357299735845129,0.13516099618442962,0.031190999119483757,0.1663519953039134,0.2519456816482869,0.3217773303854351
1,0.07618319967799378,0.085706099637743,0.1237976994767399,0.10475189955724146,0.26486293339195316,0.3446981682583288
1,0.07044964498243399,0.05283723373682549,0.10567446747365097,0.1320930843420637,0.30659558163445877,0.33234998783056696
1,0.06865409655572147,0.08581762069465183,0.06865409655572147,0.12872643104197776,0.28104703026723776,0.3671007248846897
1,0.05857377612668808,0.07809836816891745,0.11714755225337616,0.1464344403167202,0.3268325679430971,0.27291329519120106
1,0.07536259981431755,0.028260974930369078,0.14130487465184538,0.14130487465184538,0.3186233428646958,0.29514333308692675
1,0.06294121528128074,0.08092441964736095,0.11689082837952137,0.10789922619648126,0.3321429744921337,0.29920133600322196
1,0.13136241520473893,0.08444726691733216,0.08444726691733216,0.08444726691733216,0.3398418913071602,0.27545389273610443
1,0.09803838999215143,0.058823033995290853,0.16666526298665743,0.07843071199372115,0.29274666298218494,0.3052959380499942
1,0.11941292939313777,0.07348487962654633,0.0918560995331829,0.0918560995331829,0.29745900654705326,0.3259309853668969
1,0.16641166342436284,0.03698036964985841,0.12943129377450444,0.04622546206232301,0.33721061134686203,0.28374059974208937
1,0.1135096809811671,0.06621398057234748,0.09459140081763925,0.1135096809811671,0.29562158280047757,0.31655367384720146
1,0.11191934923174787,0.06887344568107562,0.12913771065201676,0.04304590355067226,0.41426489899494634,0.2327586918895413
1,0.08621529556524213,0.0689722364521937,0.11207988423481477,0.08621529556524213,0.29884637116614704,0.3476709170163603
1,0.08324729720952478,0.062435472907143574,0.10405912151190597,0.17690050657024015,0.300984670009262,0.27237293179192357
1,0.16491799599357168,0.04122949899839292,0.08245899799678584,0.13399587174477698,0.26836454084774936,0.30903309441872306
1,0.08113331482168816,0.15067615609742085,0.05795236772977725,0.18544757673528722,0.2199369544386599,0.3048536301771667
1,0.1349361656869029,0.08995744379126859,0.044978721895634295,0.09895318817039546,0.271280344310012,0.3598941361457867
1,0.09400444278169244,0.08617073921655143,0.08617073921655143,0.05483592495598727,0.3407783332511242,0.33803982057809323
1,0.17175911315587497,0.07231962659194735,0.054239719943960506,0.07231962659194735,0.25714771304435974,0.37221420067191013
1,0.12087961631712223,0.08368588821954615,0.03719372809757607,0.13947648036591026,0.31438068413908454,0.3043836028607609
1,0.03622244764699105,0.1177229548527209,0.0724448952939821,0.1448897905879642,0.3064396455135735,0.3222802661047683
1,0.10733007272960497,0.12684463140771496,0.048786396695274986,0.11708735206865996,0.30585451428925137,0.29409703280949373
1,0.08760171791769052,0.04380085895884526,0.08760171791769052,0.14016274866830483,0.2623602235434667,0.3784727329940021
1,0.08503886494055767,0.18070758799868503,0.04251943247027883,0.1275582974108365,0.25179553767538077,0.3123802795042611
1,0.06692088993876713,0.05855577869642124,0.07528600118111302,0.14220689111988016,0.27935382118658747,0.37767661787723106
1,0.06613293199886586,0.13226586399773171,0.09919939799829879,0.15431017466402036,0.3023265603741363,0.24576507096694689
1,0.1762972393869653,0.06170403378543786,0.06170403378543786,0.06170403378543786,0.3159152018004767,0.32267545745624443
1,0.1580408816671273,0.052680293889042426,0.09658053879657778,0.052680293889042426,0.3554528165670381,0.2845651751911719
1,0.09439921772404969,0.0660794524068348,0.07551937417923976,0.15103874835847952,0.2900351425652641,0.32292806476613206
1,0.13685441052579408,0.08797783533801047,0.08797783533801047,0.08797783533801047,0.2868541319594249,0.31235795150074963
1,0.08304446737241454,0.08304446737241454,0.08304446737241454,0.12918028257931152,0.275696750512137,0.345989564791308
1,0.056979400647957104,0.11395880129591421,0.10446223452125471,0.11395880129591421,0.3309614442529392,0.27967931798602047
1,0.14183604766000685,0.017729505957500856,0.12410654170250598,0.07978277680875384,0.28911305335258525,0.3474320745186472
1,0.12671735670871756,0.05430743858945038,0.09051239764908396,0.09956363741399236,0.3048716181311062,0.3240275515076495
1,0.10325600059671672,0.05162800029835836,0.0860466671639306,0.11186066731310979,0.266132784770966,0.3810758798569185
1,0.09491513645764123,0.11389816374916947,0.0379660545830565,0.14237270468646185,0.2767579756574446,0.3340899648662264
1,0.08665891508848124,0.069327132070785,0.11265658961502562,0.08665891508848124,0.33108521798546625,0.3136132301517607
1,0.1060569249685316,0.1060569249685316,0.0530284624842658,0.09721884788782065,0.2977198664189073,0.33991897327194304
1,0.1426514158067219,0.07608075509691833,0.04755047193557396,0.1236312270324923,0.2704139174364851,0.3396722126918085
1,0.08987769099596071,0.0629143836971725,0.10785322919515285,0.10785322919515285,0.2644691649003065,0.3670323020162546
1,0.11041789981245295,0.04600745825518873,0.06441044155726423,0.15642535806764168,0.30272589826714125,0.32001294404031105
1,0.08088827910043174,0.10111034887553967,0.13144345353820158,0.10111034887553967,0.2701296298570247,0.31531793975326267
1,0.03925610095741627,0.07851220191483255,0.09814025239354068,0.1864664795477273,0.2534144634603151,0.3442105017261681
1,0.12046755790485847,0.055600411340703905,0.08340061701105586,0.12046755790485847,0.3130630803443361,0.30700077549418736
1,0.053653760411316795,0.053653760411316795,0.17169203331621377,0.1609612812339504,0.26749371940845423,0.2925454452187481
1,0.12390743305890412,0.07080424746223092,0.09735584026056751,0.07080424746223092,0.35046969021780705,0.2866585415382595
1,0.1347800751762058,0.08294158472381896,0.09330928281429632,0.11404467899525107,0.326370209239055,0.24855416905137287
1,0.10275704773714252,0.09341549794285682,0.06539084855999978,0.12144014732571387,0.2791056649948169,0.33789079343947004
1,0.16059208496673513,0.11776752897560577,0.08564911198225875,0.0749429729844764,0.23466980792320524,0.3263784931677189
1,0.1361542296825382,0.10697832332199429,0.05835181272108779,0.09725302120181299,0.26836993593205105,0.33289267714051557
1,0.14174928327819006,0.07559961774836803,0.06614966552982203,0.10394947440400605,0.333042387273655,0.27950957176595875
1,0.129849051398435,0.077909430839061,0.077909430839061,0.06925282741249868,0.25554890674119857,0.3895303527697458
1,0.11530992121008872,0.1268409133310976,0.09224793696807099,0.13837190545210645,0.27356882622497747,0.25366049681365876
1,0.11314566592673747,0.056572832963368735,0.10371686043284269,0.11314566592673747,0.2769382256007102,0.33648074914960346
1,0.09256518014698441,0.046282590073492204,0.1388477702204766,0.19670100781234184,0.22772701084655342,0.2978764409001515
1,0.08274115736237411,0.07354769543322144,0.11951500507898484,0.10112808122067948,0.28436024419374495,0.3387078167109952
1,0.09824080881295914,0.10717179143231906,0.08930982619359921,0.07144786095487937,0.2912133916710815,0.34261632093516164
1,0.08980306054078821,0.06286214237855176,0.10776367264894585,0.10776367264894585,0.3469819347461421,0.28482551703662634
1,0.0761983488124971,0.06667355521093496,0.17144628482811847,0.0761983488124971,0.287487270745594,0.3219961915903585
1,0.09839068280443575,0.23367787166053489,0.0368965060516634,0.13528718885609914,0.24825055814605015,0.2474971924812167
1,0.12574024449926355,0.04836163249971675,0.0773786119995468,0.14508489749915024,0.312896935645097,0.2905376778572255
1,0.11141513436736486,0.02387467165014961,0.15120625378428088,0.039791119416916015,0.34555349643293376,0.32815932434835493
1,0.1578367680000253,0.0986479800000158,0.0493239900000079,0.0986479800000158,0.23770004965866856,0.3578432323412668
1,0.07375229559845416,0.09482438005515532,0.11589646451185652,0.1475045911969083,0.3058347808157349,0.2621874878218908
1,0.08869083715636211,0.11825444954181615,0.08869083715636211,0.10839991207999815,0.2667754572522386,0.3291885068132229
1,0.10333530541726278,0.13433589704244162,0.07233471379208395,0.11366883595898906,0.3212816602761828,0.25504358751303974
1,0.08409592169592194,0.058867145187145364,0.10091510603510633,0.10091510603510633,0.3445428514154637,0.31066386963125636
1,0.08381633294606859,0.04571799978876468,0.09905566620899016,0.08381633294606859,0.29519375278886645,0.3923999153212416
1,0.13420871598813577,0.08627703170665871,0.04793168428147706,0.12462237913184036,0.272826722156006,0.33413346673588207
1,0.1488732630512126,0.08374121046630707,0.0744366315256063,0.0744366315256063,0.2625976568991776,0.3559146065320902
1,0.13703958657039023,0.024183456453598273,0.10479497796559252,0.0644892172095954,0.31729889246320125,0.3521938693376224
1,0.13700800891776815,0.042815002786802545,0.07706700501624458,0.09419300613096561,0.34889496796478664,0.3000220091834325
1,0.08090031850723194,0.06292246995006928,0.10786709134297591,0.11685601562155724,0.31825219058749654,0.3132019139906691
1,0.10646695289977554,0.026616738224943884,0.08872246074981295,0.14195593719970073,0.3214673506562658,0.3147705602695011
1,0.1216175567339826,0.02606090501442484,0.1303045250721242,0.07818271504327452,0.3114655455027571,0.3323687526334367
1,0.11104998341495126,0.05552499170747563,0.11104998341495126,0.101795818130372,0.3332940559103648,0.2872851674218851
1,0.09120919898848774,0.0729673591907902,0.1094510387861853,0.10033011888733653,0.258206875995976,0.36783540815122406
1,0.09843240336288667,0.029529721008866,0.12796212437175267,0.14764860504433,0.2493671001305602,0.34706004608160457
1,0.09363256492646138,0.02808976947793841,0.1498121038823382,0.11235907791175365,0.3457965464712034,0.270309937330305
1,0.08255735164190915,0.06604588131352733,0.10732455713448191,0.08255735164190915,0.2968906553843969,0.3646242028837756
1,0.062119055250919944,0.0887415075013142,0.1331122612519713,0.07986735675118278,0.29952583291945006,0.33663398632516167
1,0.10085852370165138,0.11094437607181654,0.09077267133148625,0.11094437607181654,0.2744764828861353,0.31200356993709394
1,0.13740779864966576,0.04293993707802055,0.10305584898724932,0.06870389932483288,0.3068779771332304,0.341014538827001
1,0.08414654810880445,0.09349616456533828,0.09349616456533828,0.11219539747840593,0.27440974155111725,0.34225598373099586
1,0.11690207124589037,0.12752953226824404,0.08501968817882936,0.1062746102235367,0.2855831130138562,0.2786909850696433
1,0.1215542841240227,0.04862171364960908,0.09724342729921816,0.06482895153281211,0.30288144720454996,0.36487017618978795
1,0.0892975056967259,0.12278407033299811,0.07813531748463516,0.16743282318136105,0.25063546699279127,0.2917148163114884
1,0.07730099144402759,0.07730099144402759,0.12147298655490049,0.17668798044349163,0.23662353333530672,0.3106135167782459
1,0.11738169204391644,0.11738169204391644,0.0853685033046665,0.11738169204391644,0.22703170769813535,0.33545471286544903
1,0.07129668747606567,0.05347251560704925,0.14259337495213134,0.0980329452795903,0.304017095361225,0.3305873813239384
1,0.12959821875178476,0.08639881250118985,0.09719866406383858,0.12959821875178476,0.2826083946710337,0.27459769126036837
1,0.08669318810874979,0.08669318810874979,0.09632576456527754,0.12522349393486082,0.2586016071750304,0.3464627581073318
1,0.16049282710973037,0.11033881863793962,0.05015400847179073,0.09027721524922332,0.3157624630225955,0.2729746675087204
1,0.035207389637717204,0.11442401632258092,0.14082955855086882,0.07041477927543441,0.2998973955033695,0.33922686071002917
1,0.13965309634667103,0.12967787517905166,0.04987610583809678,0.08977699050857423,0.2826193026936677,0.30839662943393864
1,0.12109309500492046,0.1513663687561506,0.06054654750246023,0.08072873000328032,0.28785354922703066,0.2984117095061577
1,0.18393442833497664,0.07744607508841121,0.058084556316308406,0.07744607508841121,0.25797604019446596,0.3451128249774265
1,0.07944415789736994,0.19293581203646984,0.06809499248345995,0.12484081955300991,0.26034672563680433,0.274337492392886
1,0.09564637854798033,0.0860817406931823,0.07651710283838427,0.13390492996717246,0.2739629733817355,0.33388687457154526
1,0.11466289523321416,0.07056178168197794,0.07938200439222519,0.09702244981271967,0.2872482006416189,0.35112266823824406
1,0.07037558606785181,0.14075117213570362,0.09048289637295232,0.11059020667805283,0.31922330802100446,0.268576830724435
1,0.08685210804078217,0.09553731884486039,0.06079647562854752,0.11290774045301682,0.347104146189292,0.2968022108435012
1,0.1220295571475144,0.04693444505673631,0.08448200110212535,0.13141644615886167,0.28596256805768716,0.3291749824770751
1,0.10715699958946698,0.02472853836680007,0.13188553795626706,0.07418561510040021,0.30375924217830796,0.35828406680875774
1,0.09951012681423259,0.05804757397496902,0.08292510567852716,0.09951012681423259,0.29447019447904554,0.3655368722389931
1,0.09361620797872836,0.09361620797872836,0.08581485731383434,0.04680810398936418,0.3478518802155018,0.33229274252384305
1,0.10569955755610987,0.08648145618227171,0.08648145618227171,0.11530860824302894,0.29546229948402364,0.31056662235229415
1,0.11652023780298887,0.0971001981691574,0.11652023780298887,0.06797013871841018,0.34232407997882713,0.2595651075276276
1,0.1932046554904326,0.107335919716907,0.0536679598584535,0.08586873577352559,0.2495626223033671,0.3103601068573143
1,0.10185700497059097,0.08148560397647278,0.07129990347941369,0.16297120795294556,0.2777097982798339,0.30467648134074315
1,0.13810415405549176,0.08286249243329506,0.10127637964069397,0.0552416616221967,0.30667228053345197,0.3158430317148706
1,0.13542375467399703,0.07617586200412332,0.08463984667124813,0.05078390800274888,0.25276165768770875,0.40021497096017394
1,0.1590229813692345,0.08481225673025841,0.0636091925476938,0.1272183850953876,0.2722239938404815,0.2931131904169442
1,0.1362290481201447,0.06811452406007235,0.05838387776577629,0.1362290481201447,0.2947470403216411,0.30629646161222085
1,0.08488759128744643,0.038585268767021105,0.1080387525476591,0.08488759128744643,0.32594723643108753,0.3576535596793394
1,0.09789109790935281,0.06229433503322452,0.09789109790935281,0.10679028862838488,0.3169362882047201,0.31819689231496484
1,0.1306028687899341,0.05224114751597364,0.12189601087060517,0.05224114751597364,0.30161995579503026,0.34139886951248305
1,0.08890480053898742,0.07112384043118994,0.1066857606467849,0.09779528059288617,0.2796276766210287,0.35586264116912286
1,0.1190180916056747,0.027465713447463392,0.13732856723731696,0.09155237815821131,0.29757448838170636,0.3270607611696272
1,0.11001866531084935,0.12002036215729017,0.08001357477152679,0.10001696846440848,0.26428937204386577,0.32564105725205955
1,0.11288257099916008,0.11288257099916008,0.05644128549958004,0.10347569008256341,0.31903035895291304,0.2952875234666233
1,0.07846500570106937,0.10462000760142583,0.12205667553499681,0.05231000380071291,0.3042506653411461,0.3382976420206489
1,0.15710701269617963,0.0687343180545786,0.07855350634808982,0.09819188293511226,0.2731163771700317,0.32429690279600804
1,0.19521158031007277,0.09186427308709308,0.0344491024076599,0.14927944376652624,0.2565203319610951,0.272675268467553
1,0.12360736277652862,0.03862730086766519,0.10815644242946254,0.046352761041198225,0.31425367836707985,0.3690024545180655
1,0.08511347430582311,0.04642553143953987,0.09285106287907974,0.09285106287907974,0.3381452174076363,0.34461365108884123
1,0.10665038062832088,0.06563100346358208,0.05742712803063432,0.10665038062832088,0.31507298501596026,0.34856812223318157
1,0.1396000718559219,0.03490001796398048,0.09597504940094632,0.0872500449099512,0.3149019082172024,0.32737290765199767
1,0.15065735426694166,0.11048205979575722,0.05021911808898055,0.1004382361779611,0.27118942848149274,0.3170138031888666
1,0.09558042474470096,0.07820216570020988,0.07820216570020988,0.1042695542669465,0.28837759207167757,0.3553680975162552
1,0.10312461907654998,0.12187454981774087,0.04687482685297726,0.11249958444714542,0.31514361097842547,0.300482808827161
1,0.12833094450394275,0.024062052094489264,0.09624820837795706,0.08020684031496421,0.3212773437666246,0.3498746109420222
1,0.12115729095908463,0.07067508639279937,0.13125373187234168,0.09086796821931348,0.29001594996386276,0.29602997259259806
1,0.09351124537497287,0.05100613384089429,0.11901431229542002,0.08501022306815714,0.2998095600558663,0.35164852536468943
1,0.11838928918481063,0.08456377798915045,0.05919464459240532,0.08456377798915045,0.3380999570165715,0.3151885532279117
1,0.07403920044918995,0.0647843003930412,0.08329410050533868,0.15733330095452863,0.28192791827201,0.33862117942589154
1,0.14319682771025938,0.06137006901868258,0.07159841385512969,0.14319682771025938,0.2824008616719735,0.2982370000336954
1,0.11893828608408853,0.059469143042044266,0.0892037145630664,0.13876133376476998,0.31661726036303944,0.27701026218299146
1,0.08589778459675071,0.13361877603939,0.057265189731167135,0.11453037946233427,0.27896643892788725,0.3297214312424705
1,0.061530178153647606,0.12306035630729521,0.10255029692274602,0.13331538599956982,0.2853432268321155,0.2942005557846259
1,0.08710344942302375,0.07839310448072138,0.08710344942302375,0.1045241393076285,0.3248780076403297,0.317997849725273
1,0.054458248945576576,0.2613995949387675,0.03267494936734594,0.09802484810203783,0.2533301380884983,0.3001122205577738
1,0.09789466612099801,0.03263155537366601,0.11421044380783102,0.08973677727758152,0.32217843888764647,0.3433481185322769
1,0.1448853719030346,0.08693122314182077,0.057954148761213846,0.10624927272889206,0.25676716902721597,0.34721281443782287
1,0.10522309122205932,0.05261154561102966,0.0789173184165445,0.12276027309240255,0.2803534000081189,0.36013437164984496
1,0.10075087133857404,0.10991004146026258,0.06411419085181984,0.10075087133857404,0.3341480487076363,0.2903259763031332
1,0.10335491926123855,0.1550323788918578,0.06201295155674313,0.10335491926123855,0.2881857406413252,0.28805909038759675
1,0.11904422552173681,0.099203521268114,0.049601760634057,0.13888492977535963,0.25496274330916563,0.33830281949156693
1,0.12034826120123472,0.050145108833847804,0.0802321741341565,0.160464348268313,0.23577575605490633,0.3530343515075417
1,0.10077053481450014,0.07557790111087512,0.09237299024662514,0.07557790111087512,0.3111312734589088,0.34456939925821567
1,0.11095167895432131,0.11095167895432131,0.08321375921574099,0.07396778596954755,0.33063996912426713,0.29027512778180176
1,0.12049144008022022,0.08341715082476785,0.07414857851090476,0.10195429545249404,0.2986049433723818,0.3213835917592313
1,0.1446409175602967,0.06328040143262981,0.0813605161276669,0.0813605161276669,0.319332581806961,0.31002506694477866
1,0.056473330481139734,0.056473330481139734,0.14118332620284935,0.13177110445599274,0.27560034603029326,0.33849856234858533
1,0.07839573103173665,0.22398780294781898,0.055996950736954744,0.10079451132651854,0.25849540689363126,0.28232959706333977
1,0.12022484864475547,0.06011242432237773,0.10304987026693324,0.06869991351128883,0.34041834713991415,0.30749459611473057
1,0.155684565052951,0.04096962238235552,0.09013316924118216,0.04916354685882662,0.29188481793241855,0.3721642785322661
1,0.13671993847240033,0.05859425934531441,0.05859425934531441,0.14648564836328604,0.263968211704596,0.3356376827690887
1,0.13748143659755355,0.0883809235269987,0.06874071829877677,0.10802112875522063,0.3039701307212251,0.29340566210022523
1,0.12787372584264903,0.04566918780094607,0.08220453804170294,0.11873988828245981,0.28571892615338246,0.3397937338788596
1,0.08743053984984753,0.1068595487053692,0.08743053984984753,0.11657405313313003,0.2805340647825419,0.32117125367926386
1,0.09261699013098572,0.1018786891440843,0.07409359210478858,0.11114038815718286,0.2944183832950051,0.32585195716795357
1,0.11202910672766526,0.07468607115177685,0.07468607115177685,0.12136486562163738,0.28959686140031315,0.3276370239468305
1,0.18444999315497407,0.0526999980442783,0.07904999706641745,0.04391666503689859,0.3037585334685397,0.3361248132288918
1,0.04812468753231653,0.1347491250904863,0.08662443755816976,0.125124187584023,0.2757378400055826,0.3296397222294219
1,0.12206146223235116,0.046946716243211985,0.11267211898370876,0.10328277573506638,0.25959508832674183,0.35544183847892
1,0.1638955490571933,0.0546318496857311,0.1092636993714622,0.12019006930860843,0.2733804744739484,0.27863835810305665
1,0.1406547532441396,0.0703273766220698,0.09042091279980402,0.11051444897753826,0.3011634552024019,0.28691905315404637
1,0.12207119020146844,0.05231622437205789,0.11335181947279212,0.06975496582941053,0.3275760275714033,0.3149297725528677
1,0.08043227667054578,0.056302593669382055,0.12064841500581867,0.0723890490034912,0.32971647045457897,0.34051119519618317
1,0.13997206866588022,0.09331471244392014,0.07465176995513612,0.07465176995513612,0.3330850446034515,0.28432463437647604
1,0.09609928635887316,0.08542158787455392,0.07474388939023469,0.18152087423342705,0.24544500422503146,0.31676935791787975
1,0.14771405384427963,0.03475624796335992,0.08689061990839979,0.08689061990839979,0.28447470448261636,0.3592737538929447
1,0.1506008448544676,0.1075720320389054,0.06454321922334325,0.11832923524279597,0.2888476402745473,0.27010702836594064
1,0.09362404555027871,0.08426164099525084,0.08426164099525084,0.12171125921536233,0.27922971852270445,0.33691169472115284
1,0.0934390308153663,0.08409512773382967,0.0934390308153663,0.11212683697843955,0.2847047633697329,0.3321952102872652
1,0.06478079335903393,0.0925439905129056,0.10179838956419617,0.12030718766677728,0.2896498050636789,0.33091983383340806
1,0.14302922642816226,0.026817979955280423,0.0893932665176014,0.10727191982112169,0.3078059931550282,0.325681614122806
1,0.11561445931530388,0.08004077952597961,0.06225393963131748,0.10672103936797281,0.347999574654713,0.28737020750471315
1,0.11331040100241782,0.07554026733494522,0.11331040100241782,0.08498280075181337,0.27146014898367415,0.3413959809247317
1,0.09671158042046042,0.1182030427361183,0.09671158042046042,0.1289487738939472,0.292651702078981,0.26677332045003266
1,0.09010467507283554,0.04505233753641777,0.081094207565552,0.15317794762382042,0.2975915957667909,0.3329792364345834
1,0.1224952788605995,0.047113568792538266,0.06595899630955357,0.15076342013612246,0.2733977498035484,0.3402709860976378
1,0.1384725731421907,0.0791271846526804,0.08901808273426544,0.09890898081585049,0.26387867564278683,0.3305945030122262
1,0.0889604903465885,0.1067525884159062,0.0711683922772708,0.09785653938124735,0.2538289618493744,0.3814330277296127
1,0.13737554433881888,0.08453879651619624,0.1056734956452453,0.1056734956452453,0.30060333124358873,0.26613533661090544
1,0.07812289180054847,0.07812289180054847,0.07812289180054847,0.1660111450761655,0.33111655095886705,0.26850362856332205
1,0.07861215775205808,0.07075094197685228,0.07075094197685228,0.10219580507767552,0.291978938455761,0.3857112147608008
1,0.08063633171389739,0.10079541464237174,0.08063633171389739,0.1511931219635576,0.27534960057357705,0.3113891993926988
1,0.08637555697466626,0.04711394016799977,0.10993252705866614,0.07852323361333295,0.32411054518561067,0.35394419699972424
1,0.14591385895320969,0.07295692947660484,0.11464660346323619,0.09380176646992051,0.2809828552040297,0.2916979864329989
1,0.13417782058736347,0.13417782058736347,0.06192822488647544,0.09289233732971316,0.2742862175543537,0.30253757905473083
1,0.12039736997046656,0.06019868498523328,0.09029802747784993,0.14046359829887767,0.2887452134258066,0.2998971058417661
1,0.12499450980487889,0.05768977375609794,0.07691969834146394,0.13460947209756188,0.283365080614833,0.32242146538516436
1,0.07451133656094112,0.0331161495826405,0.11590652353924176,0.11590652353924176,0.28039241300629675,0.38016705377163806
1,0.08147024256613535,0.09957474091416542,0.06336574421810527,0.12673148843621054,0.31759676599780906,0.3112610178675742
1,0.10510956977701832,0.024256054563927303,0.12936562434094565,0.07276816369178192,0.32526931151961946,0.3432312761067073
1,0.08964805277860391,0.09960894753178212,0.0697262632722475,0.14941342129767318,0.2858416488328852,0.305761666286808
1,0.10085296132742883,0.0825160592678963,0.07334760823813005,0.11918986338696133,0.2784097906071767,0.3456837171724068
1,0.07899778734193268,0.06144272348816987,0.11410791504945832,0.1053303831225769,0.36870715754985006,0.27141403344801207
1,0.12610124308129828,0.0720578531893133,0.08106508483797746,0.09007231648664162,0.3298534274082099,0.30085007499655947
1,0.056550948658721296,0.06597610676850818,0.11310189731744259,0.15080252975659014,0.2774881641686088,0.3360803533301289
1,0.157250609415379,0.07400028678370776,0.07400028678370776,0.07400028678370776,0.3108247522442232,0.30992377798927456
1,0.11049704037420231,0.05022592744281923,0.13058741135133,0.12054222586276614,0.36228590645635206,0.2258614885125303
1,0.019643585163527613,0.08839613323587425,0.05893075549058283,0.23572302196233133,0.2564141189907991,0.3408923851568847
1,0.09082529943141869,0.054495179658851214,0.1453204790902699,0.08174276948827683,0.3529461167627189,0.27467015556846436
1,0.13412295884478234,0.033530739711195585,0.09220953420578787,0.08382684927798896,0.2848148457818688,0.3714950721783766
1,0.07643370863176252,0.08598792221073284,0.09554213578970315,0.13375899010558442,0.3613975218563136,0.24687972140590347
1,0.15775805902047813,0.07887902951023906,0.12395276065894709,0.10141589508459307,0.25596093694922106,0.28203331877652155
1,0.1127983577058527,0.046999315710771955,0.10339849456369832,0.12219822084800709,0.32605638735858145,0.28854922381308845
1,0.10513335708347647,0.052566678541738236,0.09637224399318677,0.10513335708347647,0.3092198852029307,0.33157447809519136
